Image_2_0, [ 0.00000000e+00  2.55102041e-07 -4.51722382e-08], 240, 14.871090858124473 
Image_2_1, [2.83446712e-08 2.60770975e-07 1.89702640e-08], 240, 14.90207728878315 
Image_2_2, [5.66893424e-08 2.66439909e-07 5.21946095e-07], 240, 14.856875433750131 
Image_2_3, [8.50340136e-08 2.72108844e-07 1.41386857e-06], 240, 14.750020165138508 
Image_2_4, [1.13378685e-07 2.77777778e-07 2.63242905e-06], 240, 14.577997557822037 
Image_2_5, [1.41723356e-07 2.83446712e-07 4.75007451e-06], 240, 14.357259170346305 
Image_2_6, [1.70068027e-07 2.89115646e-07 5.82068770e-06], 240, 14.089881413013183 
Image_2_7, [1.98412698e-07 2.94784580e-07 7.71746324e-06], 240, 13.738329176519633 
Image_2_8, [2.26757370e-07 3.00453515e-07 1.09623732e-05], 240, 14.187951868809202 
Image_2_9, [2.55102041e-07 3.06122449e-07 1.24363445e-05], 240, 13.591702664433726 
Image_2_10, [2.83446712e-07 3.11791383e-07 1.48882749e-05], 240, 13.038898352528149 
Image_2_11, [3.11791383e-07 3.17460317e-07 1.78044448e-05], 240, 12.523469426056234 
Image_2_12, [3.40136054e-07 3.23129252e-07 2.06555552e-05], 240, 11.959963614902556 
Image_2_13, [3.68480726e-07 3.28798186e-07 2.37925864e-05], 240, 11.40412454947886 
Image_2_14, [3.96825397e-07 3.34467120e-07 2.72059277e-05], 240, 11.002738465740427 
Image_2_15, [4.25170068e-07 3.40136054e-07 3.03733216e-05], 240, 10.558226937270845 
Image_2_16, [4.53514739e-07 3.45804989e-07 3.40627655e-05], 240, 10.310175768132053 
Image_2_17, [4.81859410e-07 3.51473923e-07 3.79160906e-05], 240, 9.42322912149476 
Image_2_18, [5.10204082e-07 3.57142857e-07 4.19085224e-05], 240, 8.87314011536855 
Image_2_19, [5.38548753e-07 3.62811791e-07 4.62082586e-05], 240, 8.285835447678053 
Image_2_20, [5.66893424e-07 3.68480726e-07 5.10216019e-05], 240, 7.6755305427976115 
Image_2_21, [5.95238095e-07 3.74149660e-07 5.57027589e-05], 240, 6.589727678788909 
Image_2_22, [6.23582766e-07 3.79818594e-07 6.11574840e-05], 240, 5.628030261284292 
Image_2_23, [6.51927438e-07 3.85487528e-07 6.72162818e-05], 240, 5.269609898407633 
Image_2_24, [6.80272109e-07 3.91156463e-07 7.56736027e-05], 240, 4.557720612604928 
Image_2_25, [7.08616780e-07 3.96825397e-07 7.98545174e-05], 240, 4.013221941906831 
Image_2_26, [7.36961451e-07 4.02494331e-07 8.68340174e-05], 240, 3.893109592137113 
Image_2_27, [7.65306122e-07 4.08163265e-07 9.44135159e-05], 240, 3.857011997658448 
