Image_3_0, [0.00000000e+00 2.55102041e-07 1.58647807e-08], 240, 14.609463160088838 
Image_3_1, [2.83446712e-08 2.60770975e-07 3.48004432e-08], 240, 14.612338189737581 
Image_3_2, [5.66893424e-08 2.66439909e-07 4.89135238e-07], 240, 14.57432390882642 
Image_3_3, [8.50340136e-08 2.72108844e-07 2.09906447e-06], 240, 14.462996371872306 
Image_3_4, [1.13378685e-07 2.77777778e-07 2.37848876e-06], 240, 14.28873763038459 
Image_3_5, [1.41723356e-07 2.83446712e-07 3.87752888e-06], 240, 14.111444135378756 
Image_3_6, [1.70068027e-07 2.89115646e-07 5.38437163e-06], 240, 13.84358720643751 
Image_3_7, [1.98412698e-07 2.94784580e-07 7.29761747e-06], 240, 13.515993550350155 
Image_3_8, [2.26757370e-07 3.00453515e-07 9.56109954e-06], 240, 13.64712684710672 
Image_3_9, [2.55102041e-07 3.06122449e-07 1.19488701e-05], 240, 13.152941195261631 
Image_3_10, [2.83446712e-07 3.11791383e-07 1.45067330e-05], 240, 12.725679844684509 
Image_3_11, [3.11791383e-07 3.17460317e-07 1.72672827e-05], 240, 12.285480860688041 
Image_3_12, [3.40136054e-07 3.23129252e-07 2.01880027e-05], 240, 11.792732723667323 
Image_3_13, [3.68480726e-07 3.28798186e-07 2.43011677e-05], 240, 11.323943167052798 
Image_3_14, [3.96825397e-07 3.34467120e-07 2.65310603e-05], 240, 10.870806549636987 
Image_3_15, [4.25170068e-07 3.40136054e-07 2.99351890e-05], 240, 10.327425946024512 
Image_3_16, [4.53514739e-07 3.45804989e-07 3.47463351e-05], 240, 9.81902486980508 
Image_3_17, [4.81859410e-07 3.51473923e-07 4.05604745e-05], 240, 9.271491445588866 
Image_3_18, [5.10204082e-07 3.57142857e-07 4.11475319e-05], 240, 8.348287480603533 
Image_3_19, [5.38548753e-07 3.62811791e-07 4.55777071e-05], 240, 7.591515787506558 
Image_3_20, [5.66893424e-07 3.68480726e-07 4.99353748e-05], 240, 6.601547245122632 
Image_3_21, [5.95238095e-07 3.74149660e-07 5.49175388e-05], 240, 6.0931461689032 
Image_3_22, [6.23582766e-07 3.79818594e-07 6.03060453e-05], 240, 5.696551801246006 
Image_3_23, [6.51927438e-07 3.85487528e-07 6.60706353e-05], 240, 5.405375187376064 
Image_3_24, [6.80272109e-07 3.91156463e-07 7.25069094e-05], 240, 5.077302359680584 
Image_3_25, [7.08616780e-07 3.96825397e-07 8.05462356e-05], 240, 4.624964361611646 
Image_3_26, [7.36961451e-07 4.02494331e-07 8.55267214e-05], 240, 4.323725143971102 
Image_3_27, [7.65306122e-07 4.08163265e-07 9.31952668e-05], 240, 3.7092674184869194 
