Image_1_0, [0.00000000e+00 2.55102041e-07 1.05266367e-07], 240, 15.060523367202778 
Image_1_1, [2.83446712e-08 2.62188209e-07 4.74472858e-07], 240, 15.025863287548486 
Image_1_2, [5.66893424e-08 2.69274376e-07 1.52942887e-06], 240, 14.87204920134072 
Image_1_3, [8.50340136e-08 2.76360544e-07 3.05083885e-06], 240, 14.648116336477496 
Image_1_4, [1.13378685e-07 2.83446712e-07 5.04813170e-06], 240, 14.325953291948878 
Image_1_5, [1.41723356e-07 2.90532880e-07 7.45082420e-06], 240, 13.918817148912959 
Image_1_6, [1.70068027e-07 2.97619048e-07 1.02300241e-05], 240, 13.971526025806584 
Image_1_7, [1.98412698e-07 3.04705215e-07 1.32395574e-05], 240, 13.382144947814218 
Image_1_8, [2.26757370e-07 3.11791383e-07 1.66746890e-05], 240, 12.690380869552717 
Image_1_9, [2.55102041e-07 3.18877551e-07 2.03772641e-05], 240, 12.080714860149772 
Image_1_10, [2.83446712e-07 3.25963719e-07 2.40775037e-05], 240, 11.393103602492012 
Image_1_11, [3.11791383e-07 3.33049887e-07 2.83369810e-05], 240, 10.781361182787197 
Image_1_12, [3.40136054e-07 3.40136054e-07 3.25029479e-05], 240, 10.351065078691956 
Image_1_13, [3.68480726e-07 3.47222222e-07 3.72223395e-05], 240, 9.671759462241676 
Image_1_14, [3.96825397e-07 3.54308390e-07 4.23876059e-05], 240, 8.75813892941882 
Image_1_15, [4.25170068e-07 3.61394558e-07 4.75134525e-05], 240, 8.042416270751126 
Image_1_16, [4.53514739e-07 3.68480726e-07 5.32301714e-05], 240, 7.273665287451054 
Image_1_17, [4.81859410e-07 3.75566893e-07 6.04518732e-05], 240, 5.782642966838929 
Image_1_18, [5.10204082e-07 3.82653061e-07 7.10879804e-05], 240, 5.258908399159533 
Image_1_19, [5.38548753e-07 3.89739229e-07 7.39091173e-05], 240, 4.542706568883713 
Image_1_20, [5.66893424e-07 3.96825397e-07 8.17129891e-05], 240, 3.93064470144015 
Image_1_21, [5.95238095e-07 4.03911565e-07 9.04804776e-05], 240, 3.876498309722152 
Image_1_22, [6.23582766e-07 4.10997732e-07 1.00041837e-04], 240, 3.8605259227846895 
