 11.754466052348915
 11.636172197410819
 11.341709537000394
 10.931751370908472
 10.453742438803776
 9.9408813386850579
 9.4006727344677472
 8.8417660693086084
 8.250805585392051
 7.6735824523715293
 7.0966137147379715
 6.5506812143139799
 6.0015687715529413
 5.4897252529820788
 4.979535304426479
 4.4360195601786412
 3.8893238735937583
 3.3932528690146415
 2.8834445135394873
 2.3967861382780256
 1.9311153824410647
 1.4978800384419693
 1.1527926960257786
 0.89623494827293781
 0.67949007857990829
 0.47851772287862504
 0.31952060602634402
 0.17858556164848208
 0.025566736389846793
 0.019970037876646501


 11.754466052348915
 11.636172197410819
 11.341709537000394
 10.931751370908472
 10.453742438803776
 9.9408813386850579
 9.4006727344677472
 8.8417660693086084
 8.250805585392051
 7.6735824523715293
 7.0966137147379715
 6.5506812143139799
 6.0015687715529413
 5.4897252529820788
 4.979535304426479
 4.4360195601786412
 3.8893238735937583
 3.3932528690146415
 2.8834445135394873
 2.3967861382780256
 1.9311153824410647
 1.4978800384419693
 1.1527926960257786
 0.89623494827293781
 0.67949007857990829
 0.47851772287862504
 0.31952060602634402
 0.17858556164848208
 0.025566736389846793
 0.019970037876646501


 11.754466052348915
 11.636172197410819
 11.341709537000394
 10.931751370908472
 10.453742438803776
 9.9408813386850579
 9.4006727344677472
 8.8417660693086084
 8.250805585392051
 7.6735824523715293
 7.0966137147379715
 6.5506812143139799
 6.0015687715529413
 5.4897252529820788
 4.979535304426479
 4.4360195601786412
 3.8893238735937583
 3.3932528690146415
 2.8834445135394873
 2.3967861382780256
 1.9311153824410647
 1.4978800384419693
 1.1527926960257786
 0.89623494827293781
 0.67949007857990829
 0.47851772287862504
 0.31952060602634402
 0.17858556164848208
 0.025566736389846793
 0.019970037876646501


