 1.16393521e+01
 1.15517129e+01
 1.13974221e+01
 1.11430267e+01
 1.08872322e+01
 1.05642772e+01
 1.02564588e+01
 9.89254622e+00
 9.56259540e+00
 9.17833117e+00
 8.81225620e+00
 8.46297134e+00
 8.09346204e+00
 7.73985245e+00
 7.36423766e+00
 7.02436542e+00
 6.66439595e+00
 6.31841823e+00
 5.96201029e+00
 5.58118039e+00
 5.24512409e+00
 4.88400984e+00
 4.55278704e+00
 4.20057663e+00
 3.87863927e+00
 3.55962745e+00
 3.24570354e+00
 2.90074340e+00
 2.59763130e+00
 2.30367743e+00
 2.03134716e+00
 1.74337159e+00
 1.44483860e+00
 1.17301713e+00
 9.41262932e-01
 7.10271920e-01
 5.35502290e-01
 3.50048052e-01
 1.96774832e-01
 7.58098253e-02
 3.87952965e-02
 1.61541071e-02
