11.908502459155406
11.839306913901293
11.679864605121825
11.409315111085984
11.102768669794786
10.772817852902932
10.414056758437445
10.066997851772287
9.715868618915708
9.343497371247667
8.990778167222567
8.628010345412402
8.264988128215274
7.922508338515461
7.548610718525636
7.212490813499914
6.85392051557465
6.501264910396291
6.153570015263722
5.778654813726043
5.428797557804284
5.071562835660579
4.74472836225903
4.394553112103567
4.065429080219345
3.754303521962801
3.432302560913562
3.0874696138843345
2.7946605234891737
2.48353496523263
2.2057352026683246
1.9063118322121089
1.5880632031205832
1.2938549380971223
1.013638419356662
0.7991831081463054
0.6049522301995589
0.4086861891571032
0.21407371812991122
0.09539827011136863
0.03599694725535643
0.004960710045791169
