12.228277460568712
12.097899824749843
11.795360110803323
11.360471196788962
10.865290576064218
10.343334840861552
9.811521284414042
9.256176154672394
8.656757024139294
8.085893775792865
7.494360902255638
6.954533891118773
6.406184634518627
5.884228899315958
5.368951043021085
4.817803437164339
4.263666685510769
3.755130306970433
3.248120300751879
2.7364675787212387
2.24376731301939
1.725436712080954
1.3105178359432414
1.0155463847588895
0.7382554129685114
0.4943538357171123
0.26590677822375486
0.01761688054723274
0.0035615354174910957
0.0036887331109729206
