 11.783085533382327
 11.725083385154614
 11.571301373735087
 11.324919441460793
 11.021425744813159
 10.71271694273277
 10.361524111029452
 10.02050709480468
 9.6756741477754531
 9.302476115099779
 8.9529368534117229
 8.5937305670190494
 8.2219317089716757
 7.8765899711685217
 7.4923257391599289
 7.1515631183221204
 6.7777290971790372
 6.425645881621346
 6.0640228390525177
 5.6809033862852614
 5.3341624738538069
 4.9571485103736777
 4.527347504098592
 4.1313810842896705
 3.7826050087625074
 3.4581236926903722
 3.1313528181355639
 2.789445418056419
 2.5085929108485496
 2.3040590197297752
 2.0438125388659616
 1.7433715868618913
 1.4289388885748202
 1.1727627339024251
 0.93324947707614891
 0.72108372434846502
 0.56056023517440212
 0.39444004748713885
 0.24956187461134036
 0.062072474419130524
 -0.021623607891910222
 -0.072121092204194687


 11.783085533382327
 11.725083385154614
 11.571301373735087
 11.324919441460793
 11.021425744813159
 10.71271694273277
 10.361524111029452
 10.02050709480468
 9.6756741477754531
 9.302476115099779
 8.9529368534117229
 8.5937305670190494
 8.2219317089716757
 7.8765899711685217
 7.4923257391599289
 7.1515631183221204
 6.7777290971790372
 6.425645881621346
 6.0640228390525177
 5.6809033862852614
 5.3341624738538069
 4.9571485103736777
 4.527347504098592
 4.1313810842896705
 3.7826050087625074
 3.4581236926903722
 3.1313528181355639
 2.789445418056419
 2.5085929108485496
 2.3040590197297752
 2.0438125388659616
 1.7433715868618913
 1.4289388885748202
 1.1727627339024251
 0.93324947707614891
 0.72108372434846502
 0.56056023517440212
 0.39444004748713885
 0.24956187461134036
 0.062072474419130524
 -0.021623607891910222
 -0.072121092204194687


 11.783085533382327
 11.725083385154614
 11.571301373735087
 11.324919441460793
 11.021425744813159
 10.71271694273277
 10.361524111029452
 10.02050709480468
 9.6756741477754531
 9.302476115099779
 8.9529368534117229
 8.5937305670190494
 8.2219317089716757
 7.8765899711685217
 7.4923257391599289
 7.1515631183221204
 6.7777290971790372
 6.425645881621346
 6.0640228390525177
 5.6809033862852614
 5.3341624738538069
 4.9571485103736777
 4.527347504098592
 4.1313810842896705
 3.7826050087625074
 3.4581236926903722
 3.1313528181355639
 2.789445418056419
 2.5085929108485496
 2.3040590197297752
 2.0438125388659616
 1.7433715868618913
 1.4289388885748202
 1.1727627339024251
 0.93324947707614891
 0.72108372434846502
 0.56056023517440212
 0.39444004748713885
 0.24956187461134036
 0.062072474419130524
 -0.021623607891910222
 -0.072121092204194687


 11.783085533382327
 11.725083385154614
 11.571301373735087
 11.324919441460793
 11.021425744813159
 10.71271694273277
 10.361524111029452
 10.02050709480468
 9.6756741477754531
 9.302476115099779
 8.9529368534117229
 8.5937305670190494
 8.2219317089716757
 7.8765899711685217
 7.4923257391599289
 7.1515631183221204
 6.7777290971790372
 6.425645881621346
 6.0640228390525177
 5.6809033862852614
 5.3341624738538069
 4.9571485103736777
 4.527347504098592
 4.1313810842896705
 3.7826050087625074
 3.4581236926903722
 3.1313528181355639
 2.789445418056419
 2.5085929108485496
 2.3040590197297752
 2.0438125388659616
 1.7433715868618913
 1.4289388885748202
 1.1727627339024251
 0.93324947707614891
 0.72108372434846502
 0.56056023517440212
 0.39444004748713885
 0.24956187461134036
 0.062072474419130524
 -0.021623607891910222
 -0.072121092204194687


 11.783085533382327
 11.725083385154614
 11.571301373735087
 11.324919441460793
 11.021425744813159
 10.71271694273277
 10.361524111029452
 10.02050709480468
 9.6756741477754531
 9.302476115099779
 8.9529368534117229
 8.5937305670190494
 8.2219317089716757
 7.8765899711685217
 7.4923257391599289
 7.1515631183221204
 6.7777290971790372
 6.425645881621346
 6.0640228390525177
 5.6809033862852614
 5.3341624738538069
 4.9571485103736777
 4.527347504098592
 4.1313810842896705
 3.7826050087625074
 3.4581236926903722
 3.1313528181355639
 2.789445418056419
 2.5085929108485496
 2.3040590197297752
 2.0438125388659616
 1.7433715868618913
 1.4289388885748202
 1.1727627339024251
 0.93324947707614891
 0.72108372434846502
 0.56056023517440212
 0.39444004748713885
 0.24956187461134036
 0.062072474419130524
 -0.021623607891910222
 -0.072121092204194687


 11.783085533382327
 11.725083385154614
 11.571301373735087
 11.324919441460793
 11.021425744813159
 10.71271694273277
 10.361524111029452
 10.02050709480468
 9.6756741477754531
 9.302476115099779
 8.9529368534117229
 8.5937305670190494
 8.2219317089716757
 7.8765899711685217
 7.4923257391599289
 7.1515631183221204
 6.7777290971790372
 6.425645881621346
 6.0640228390525177
 5.6809033862852614
 5.3341624738538069
 4.9571485103736777
 4.527347504098592
 4.1313810842896705
 3.7826050087625074
 3.4581236926903722
 3.1313528181355639
 2.789445418056419
 2.5085929108485496
 2.3040590197297752
 2.0438125388659616
 1.7433715868618913
 1.4289388885748202
 1.1727627339024251
 0.93324947707614891
 0.72108372434846502
 0.56056023517440212
 0.39444004748713885
 0.24956187461134036
 0.062072474419130524
 -0.021623607891910222
 -0.072121092204194687


 11.783085533382327
 11.725083385154614
 11.571301373735087
 11.324919441460793
 11.021425744813159
 10.71271694273277
 10.361524111029452
 10.02050709480468
 9.6756741477754531
 9.302476115099779
 8.9529368534117229
 8.5937305670190494
 8.2219317089716757
 7.8765899711685217
 7.4923257391599289
 7.1515631183221204
 6.7777290971790372
 6.425645881621346
 6.0640228390525177
 5.6809033862852614
 5.3341624738538069
 4.9571485103736777
 4.527347504098592
 4.1313810842896705
 3.7826050087625074
 3.4581236926903722
 3.1313528181355639
 2.789445418056419
 2.5085929108485496
 2.3040590197297752
 2.0438125388659616
 1.7433715868618913
 1.4289388885748202
 1.1727627339024251
 0.93324947707614891
 0.72108372434846502
 0.56056023517440212
 0.39444004748713885
 0.24956187461134036
 0.062072474419130524
 -0.021623607891910222
 -0.072121092204194687


 11.783085533382327
 11.725083385154614
 11.571301373735087
 11.324919441460793
 11.021425744813159
 10.71271694273277
 10.361524111029452
 10.02050709480468
 9.6756741477754531
 9.302476115099779
 8.9529368534117229
 8.5937305670190494
 8.2219317089716757
 7.8765899711685217
 7.4923257391599289
 7.1515631183221204
 6.7777290971790372
 6.425645881621346
 6.0640228390525177
 5.6809033862852614
 5.3341624738538069
 4.9571485103736777
 4.527347504098592
 4.1313810842896705
 3.7826050087625074
 3.4581236926903722
 3.1313528181355639
 2.789445418056419
 2.5085929108485496
 2.3040590197297752
 2.0438125388659616
 1.7433715868618913
 1.4289388885748202
 1.1727627339024251
 0.93324947707614891
 0.72108372434846502
 0.56056023517440212
 0.39444004748713885
 0.24956187461134036
 0.062072474419130524
 -0.021623607891910222
 -0.072121092204194687


 11.783085533382327
 11.725083385154614
 11.571301373735087
 11.324919441460793
 11.021425744813159
 10.71271694273277
 10.361524111029452
 10.02050709480468
 9.6756741477754531
 9.302476115099779
 8.9529368534117229
 8.5937305670190494
 8.2219317089716757
 7.8765899711685217
 7.4923257391599289
 7.1515631183221204
 6.7777290971790372
 6.425645881621346
 6.0640228390525177
 5.6809033862852614
 5.3341624738538069
 4.9571485103736777
 4.527347504098592
 4.1313810842896705
 3.7826050087625074
 3.4581236926903722
 3.1313528181355639
 2.789445418056419
 2.5085929108485496
 2.3040590197297752
 2.0438125388659616
 1.7433715868618913
 1.4289388885748202
 1.1727627339024251
 0.93324947707614891
 0.72108372434846502
 0.56056023517440212
 0.39444004748713885
 0.24956187461134036
 0.062072474419130524
 -0.021623607891910222
 -0.072121092204194687


 11.783085533382327
 11.725083385154614
 11.571301373735087
 11.324919441460793
 11.021425744813159
 10.71271694273277
 10.361524111029452
 10.02050709480468
 9.6756741477754531
 9.302476115099779
 8.9529368534117229
 8.5937305670190494
 8.2219317089716757
 7.8765899711685217
 7.4923257391599289
 7.1515631183221204
 6.7777290971790372
 6.425645881621346
 6.0640228390525177
 5.6809033862852614
 5.3341624738538069
 4.9571485103736777
 4.527347504098592
 4.1313810842896705
 3.7826050087625074
 3.4581236926903722
 3.1313528181355639
 2.789445418056419
 2.5085929108485496
 2.3040590197297752
 2.0438125388659616
 1.7433715868618913
 1.4289388885748202
 1.1727627339024251
 0.93324947707614891
 0.72108372434846502
 0.56056023517440212
 0.39444004748713885
 0.24956187461134036
 0.062072474419130524
 -0.021623607891910222
 -0.072121092204194687


 11.783085533382327
 11.725083385154614
 11.571301373735087
 11.324919441460793
 11.021425744813159
 10.71271694273277
 10.361524111029452
 10.02050709480468
 9.6756741477754531
 9.302476115099779
 8.9529368534117229
 8.5937305670190494
 8.2219317089716757
 7.8765899711685217
 7.4923257391599289
 7.1515631183221204
 6.7777290971790372
 6.425645881621346
 6.0640228390525177
 5.6809033862852614
 5.3341624738538069
 4.9571485103736777
 4.527347504098592
 4.1313810842896705
 3.7826050087625074
 3.4581236926903722
 3.1313528181355639
 2.789445418056419
 2.5085929108485496
 2.3040590197297752
 2.0438125388659616
 1.7433715868618913
 1.4289388885748202
 1.1727627339024251
 0.93324947707614891
 0.72108372434846502
 0.56056023517440212
 0.39444004748713885
 0.24956187461134036
 0.062072474419130524
 -0.021623607891910222
 -0.072121092204194687


 11.783085533382327
 11.725083385154614
 11.571301373735087
 11.324919441460793
 11.021425744813159
 10.71271694273277
 10.361524111029452
 10.02050709480468
 9.6756741477754531
 9.302476115099779
 8.9529368534117229
 8.5937305670190494
 8.2219317089716757
 7.8765899711685217
 7.4923257391599289
 7.1515631183221204
 6.7777290971790372
 6.425645881621346
 6.0640228390525177
 5.6809033862852614
 5.3341624738538069
 4.9571485103736777
 4.527347504098592
 4.1313810842896705
 3.7826050087625074
 3.4581236926903722
 3.1313528181355639
 2.789445418056419
 2.5085929108485496
 2.3040590197297752
 2.0438125388659616
 1.7433715868618913
 1.4289388885748202
 1.1727627339024251
 0.93324947707614891
 0.72108372434846502
 0.56056023517440212
 0.39444004748713885
 0.24956187461134036
 0.062072474419130524
 -0.021623607891910222
 -0.072121092204194687


 11.783085533382327
 11.725083385154614
 11.571301373735087
 11.324919441460793
 11.021425744813159
 10.71271694273277
 10.361524111029452
 10.02050709480468
 9.6756741477754531
 9.302476115099779
 8.9529368534117229
 8.5937305670190494
 8.2219317089716757
 7.8765899711685217
 7.4923257391599289
 7.1515631183221204
 6.7777290971790372
 6.425645881621346
 6.0640228390525177
 5.6809033862852614
 5.3341624738538069
 4.9571485103736777
 4.527347504098592
 4.1313810842896705
 3.7826050087625074
 3.4581236926903722
 3.1313528181355639
 2.789445418056419
 2.5085929108485496
 2.3040590197297752
 2.0438125388659616
 1.7433715868618913
 1.4289388885748202
 1.1727627339024251
 0.93324947707614891
 0.72108372434846502
 0.56056023517440212
 0.39444004748713885
 0.24956187461134036
 0.062072474419130524
 -0.021623607891910222
 -0.072121092204194687


 11.783085533382327
 11.725083385154614
 11.571301373735087
 11.324919441460793
 11.021425744813159
 10.71271694273277
 10.361524111029452
 10.02050709480468
 9.6756741477754531
 9.302476115099779
 8.9529368534117229
 8.5937305670190494
 8.2219317089716757
 7.8765899711685217
 7.4923257391599289
 7.1515631183221204
 6.7777290971790372
 6.425645881621346
 6.0640228390525177
 5.6809033862852614
 5.3341624738538069
 4.9571485103736777
 4.527347504098592
 4.1313810842896705
 3.7826050087625074
 3.4581236926903722
 3.1313528181355639
 2.789445418056419
 2.5085929108485496
 2.3040590197297752
 2.0438125388659616
 1.7433715868618913
 1.4289388885748202
 1.1727627339024251
 0.93324947707614891
 0.72108372434846502
 0.56056023517440212
 0.39444004748713885
 0.24956187461134036
 0.062072474419130524
 -0.021623607891910222
 -0.072121092204194687


 11.783085533382327
 11.725083385154614
 11.571301373735087
 11.324919441460793
 11.021425744813159
 10.71271694273277
 10.361524111029452
 10.02050709480468
 9.6756741477754531
 9.302476115099779
 8.9529368534117229
 8.5937305670190494
 8.2219317089716757
 7.8765899711685217
 7.4923257391599289
 7.1515631183221204
 6.7777290971790372
 6.425645881621346
 6.0640228390525177
 5.6809033862852614
 5.3341624738538069
 4.9571485103736777
 4.527347504098592
 4.1313810842896705
 3.7826050087625074
 3.4581236926903722
 3.1313528181355639
 2.789445418056419
 2.5085929108485496
 2.3040590197297752
 2.0438125388659616
 1.7433715868618913
 1.4289388885748202
 1.1727627339024251
 0.93324947707614891
 0.72108372434846502
 0.56056023517440212
 0.39444004748713885
 0.24956187461134036
 0.062072474419130524
 -0.021623607891910222
 -0.072121092204194687


 11.783085533382327
 11.725083385154614
 11.571301373735087
 11.324919441460793
 11.021425744813159
 10.71271694273277
 10.361524111029452
 10.02050709480468
 9.6756741477754531
 9.302476115099779
 8.9529368534117229
 8.5937305670190494
 8.2219317089716757
 7.8765899711685217
 7.4923257391599289
 7.1515631183221204
 6.7777290971790372
 6.425645881621346
 6.0640228390525177
 5.6809033862852614
 5.3341624738538069
 4.9571485103736777
 4.527347504098592
 4.1313810842896705
 3.7826050087625074
 3.4581236926903722
 3.1313528181355639
 2.789445418056419
 2.5085929108485496
 2.3040590197297752
 2.0438125388659616
 1.7433715868618913
 1.4289388885748202
 1.1727627339024251
 0.93324947707614891
 0.72108372434846502
 0.56056023517440212
 0.39444004748713885
 0.24956187461134036
 0.062072474419130524
 -0.021623607891910222
 -0.072121092204194687


 11.783085533382327
 11.725083385154614
 11.571301373735087
 11.324919441460793
 11.021425744813159
 10.71271694273277
 10.361524111029452
 10.02050709480468
 9.6756741477754531
 9.302476115099779
 8.9529368534117229
 8.5937305670190494
 8.2219317089716757
 7.8765899711685217
 7.4923257391599289
 7.1515631183221204
 6.7777290971790372
 6.425645881621346
 6.0640228390525177
 5.6809033862852614
 5.3341624738538069
 4.9571485103736777
 4.527347504098592
 4.1313810842896705
 3.7826050087625074
 3.4581236926903722
 3.1313528181355639
 2.789445418056419
 2.5085929108485496
 2.3040590197297752
 2.0438125388659616
 1.7433715868618913
 1.4289388885748202
 1.1727627339024251
 0.93324947707614891
 0.72108372434846502
 0.56056023517440212
 0.39444004748713885
 0.24956187461134036
 0.062072474419130524
 -0.021623607891910222
 -0.072121092204194687


 11.783085533382327
 11.725083385154614
 11.571301373735087
 11.324919441460793
 11.021425744813159
 10.71271694273277
 10.361524111029452
 10.02050709480468
 9.6756741477754531
 9.302476115099779
 8.9529368534117229
 8.5937305670190494
 8.2219317089716757
 7.8765899711685217
 7.4923257391599289
 7.1515631183221204
 6.7777290971790372
 6.425645881621346
 6.0640228390525177
 5.6809033862852614
 5.3341624738538069
 4.9571485103736777
 4.527347504098592
 4.1313810842896705
 3.7826050087625074
 3.4581236926903722
 3.1313528181355639
 2.789445418056419
 2.5085929108485496
 2.3040590197297752
 2.0438125388659616
 1.7433715868618913
 1.4289388885748202
 1.1727627339024251
 0.93324947707614891
 0.72108372434846502
 0.56056023517440212
 0.39444004748713885
 0.24956187461134036
 0.062072474419130524
 -0.021623607891910222
 -0.072121092204194687


 11.783085533382327
 11.725083385154614
 11.571301373735087
 11.324919441460793
 11.021425744813159
 10.71271694273277
 10.361524111029452
 10.02050709480468
 9.6756741477754531
 9.302476115099779
 8.9529368534117229
 8.5937305670190494
 8.2219317089716757
 7.8765899711685217
 7.4923257391599289
 7.1515631183221204
 6.7777290971790372
 6.425645881621346
 6.0640228390525177
 5.6809033862852614
 5.3341624738538069
 4.9571485103736777
 4.527347504098592
 4.1313810842896705
 3.7826050087625074
 3.4581236926903722
 3.1313528181355639
 2.789445418056419
 2.5085929108485496
 2.3040590197297752
 2.0438125388659616
 1.7433715868618913
 1.4289388885748202
 1.1727627339024251
 0.93324947707614891
 0.72108372434846502
 0.56056023517440212
 0.39444004748713885
 0.24956187461134036
 0.062072474419130524
 -0.021623607891910222
 -0.072121092204194687


 11.783085533382327
 11.725083385154614
 11.571301373735087
 11.324919441460793
 11.021425744813159
 10.71271694273277
 10.361524111029452
 10.02050709480468
 9.6756741477754531
 9.302476115099779
 8.9529368534117229
 8.5937305670190494
 8.2219317089716757
 7.8765899711685217
 7.4923257391599289
 7.1515631183221204
 6.7777290971790372
 6.425645881621346
 6.0640228390525177
 5.6809033862852614
 5.3341624738538069
 4.9571485103736777
 4.527347504098592
 4.1313810842896705
 3.7826050087625074
 3.4581236926903722
 3.1313528181355639
 2.789445418056419
 2.5085929108485496
 2.3040590197297752
 2.0438125388659616
 1.7433715868618913
 1.4289388885748202
 1.1727627339024251
 0.93324947707614891
 0.72108372434846502
 0.56056023517440212
 0.39444004748713885
 0.24956187461134036
 0.062072474419130524
 -0.021623607891910222
 -0.072121092204194687


