0 9.0 -0.6659138767662043
1 9.25 1.6705832087161063
2 9.5 16.17114780114139
3 9.75 50.54475539414692
4 10.0 110.47639393292053
5 10.25 184.55610827967132
6 10.5 265.27085177159927
7 10.75 369.3768120365008
8 11.0 475.7631153294475
9 11.25 593.6796166875215
10 11.5 723.925290688802
11 11.75 859.1396832178677
12 12.0 1001.5469832453389
13 12.25 1161.2787255470448
14 12.5 1329.8358104190181
15 12.75 1526.5788750877407
16 13.0 1713.9906002990854
17 13.25 1941.4694662312702
18 13.5 2180.599688711204
19 13.75 2448.5921811578673
20 14.0 2716.1281167027823
21 14.25 3029.0456862086826
22 14.5 3359.4204535050517
