0 8.5 14.624469740897855
1 8.7 21.70018616290774
2 8.9 18.658406323435134
3 9.1 21.298562578203626
4 9.3 22.436902981658353
5 9.5 29.984435560167213
6 9.7 60.93447676015498
7 9.9 100.93508713034446
8 10.1 150.0216681417282
9 10.3 212.70119327372
10 10.5 276.70766319772974
11 10.7 355.65019684438585
12 10.9 445.01480147709566
13 11.1 541.0415967284154
14 11.3 641.6815698721275
15 11.5 747.4275948362689
16 11.7 860.9646900845374
17 11.9 975.1231421857357
18 12.1 1103.0884731589695
19 12.3 1232.5617236854139
20 12.5 1372.817773979917
21 12.7 1603.5541856135715
22 12.9 1681.5732291634893
23 13.1 1859.6160771507923
24 13.3 2043.2804345835746
25 13.5 2241.2689596240098
26 13.7 2450.889919736318
27 13.9 2676.493118076114
