0 8.5 17.6027710806604
1 8.7 20.247199926755524
2 8.9 19.59654530472725
3 9.1 24.457533494064037
4 9.3 17.980590227973224
5 9.5 35.5870235297708
6 9.7 61.12338633381124
7 9.9 103.6561174352244
8 10.1 154.06414990691877
9 10.3 214.58937345500001
10 10.5 282.0615253151036
11 10.7 364.1035187841424
12 10.9 454.0278328806412
13 11.1 551.0556352427737
14 11.3 653.6524552140867
15 11.5 760.7812738425845
16 11.7 871.4816736350592
17 11.9 987.2188482314507
18 12.1 1116.0649433881638
19 12.3 1249.2953276161966
20 12.5 1385.0679036835825
21 12.7 1533.5175634022048
22 12.9 1701.4853358561975
23 13.100000000000001 1874.1184728537874
24 13.3 2056.6728720969245
25 13.5 2258.807947019869
26 13.7 2461.972411267434
27 13.9 2685.6944486831276
