0 8.5 18.797875911740427
1 8.7 22.15338602862634
2 8.9 17.134617145298627
3 9.1 19.77965636158326
4 9.3 17.621692556535525
5 9.5 29.535508285775347
6 9.7 58.23694570757151
7 9.9 97.163304544206
8 10.1 148.73378704184108
9 10.3 204.06659138767617
10 10.5 273.2557145908999
11 10.7 351.3202307199312
12 10.9 440.62898648029994
13 11.1 539.3423261207922
14 11.3 638.4139530625329
15 11.5 743.9771721549125
16 11.7 855.2626117740426
17 11.9 971.4236884670547
18 12.1 1093.1003753776663
19 12.3 1230.1422162541571
20 12.5 1364.1798150578304
21 12.7 1522.310251167335
22 12.9 1767.714468825344
23 13.1 1979.8150578325756
24 13.3 2035.8507034516413
25 13.5 2237.647328104495
26 13.7 2453.8181707205467
27 13.9 2663.0030213324408
