0 8.5 18.39564195684679
1 8.7 18.32819605090486
2 8.9 18.491775261696183
3 9.1 18.466444898831107
4 9.3 19.41526535843985
5 9.5 31.450849940488887
6 9.7 63.789788506729245
7 9.9 104.69496749778725
8 10.1 160.04272591326657
9 10.3 218.5021515549178
10 10.5 290.23834955900753
11 10.7 375.54490798669445
12 10.9 464.2451246681111
13 11.1 563.159276100955
14 11.3 664.6891689809862
15 11.5 774.5350505081312
16 11.7 885.2226325266258
17 11.9 1000.5902279732659
18 12.1 1126.6063417462674
19 12.3 1257.6821192052944
20 12.5 1395.0172429578552
21 12.7 1543.3567308572647
22 12.9 1707.7889339884632
23 13.100000000000001 1882.70180364391
24 13.3 2073.4904019287706
25 13.5 2266.328623310036
26 13.7 2481.203039643543
27 13.9 2705.081331827751
