#y  z  moyenne(N) 
0.0 0 0
0.0 0.15 0.065
0.0 0.3 0.55
0.0 0.45 1.012
0.0 0.6 1.494
0.0 0.75 1.935
1.312 0 0
1.312 0.15 0.095
1.312 0.3 0.588
1.312 0.45 0.985
1.312 0.6 1.447
1.312 0.75 1.869
2.624 0 0
2.624 0.15 0.109
2.624 0.3 0.474
2.624 0.45 0.941
2.624 0.6 1.379
2.624 0.75 1.808
3.936 0 0
3.936 0.15 0.09
3.936 0.3 0.401
3.936 0.45 0.758
3.936 0.6 0.99
3.936 0.75 1.41
5.248 0 0
5.248 0.15 0.044
5.248 0.3 0.236
5.248 0.45 0.509
5.248 0.6 0.731
5.248 0.75 0.917
-1.312 0 0
-1.312 0.15 0.26
-1.312 0.3 0.673
-1.312 0.45 1.19
-1.312 0.6 1.621
-1.312 0.75 2.11
-2.624 0 0
-2.624 0.15 0.262
-2.624 0.3 0.605
-2.624 0.45 0.999
-2.624 0.6 1.4
-2.624 0.75 1.877
-3.936 0 0
-3.936 0.15 0.117
-3.936 0.3 0.423
-3.936 0.45 0.749
-3.936 0.6 1.073
-3.936 0.75 1.359
-5.248 0 0
-5.248 0.15 -0.007
-5.248 0.3 0.27
-5.248 0.45 0.396
-5.248 0.6 0.654
-5.248 0.75 0.846
