0 8.5 56.834315012054574
1 8.7 50.91555528427965
2 8.9 55.85009308145373
3 9.1 56.87368388927868
4 9.3 54.67146824549067
5 9.5 54.148075807977264
6 9.7 75.37888729514468
7 9.9 107.0070497756889
8 10.1 154.083986938078
9 10.3 207.224951933347
10 10.5 269.9716177861877
11 10.7 344.5771660512098
12 10.9 433.22397534104357
13 11.1 522.8757591479228
14 11.3 619.6951200903352
15 11.5 728.702658162175
16 11.7 835.7670827356811
17 11.9 950.0289925840025
18 12.1 1061.120334482869
19 12.3 1188.359019745477
20 12.5 1319.5611438337355
21 12.7 1468.5128330332343
22 12.9 1623.865169225134
23 13.1 1792.3670155949583
24 13.3 1959.0343943601777
25 13.5 2154.2780846583464
26 13.7 2361.088900418106
27 13.9 2567.014069032868
28 14.1 2803.6613055818384
29 14.3 3050.5279702139364
30 14.5 3312.771691030611
