0 8.5 55.19882808923591
1 8.7 59.060640278328606
2 8.9 59.79430524613156
3 9.1 57.30460524307981
4 9.3 57.293008209478835
5 9.5 60.14893032624267
6 9.7 88.34772789696954
7 9.9 129.86816003906375
8 10.1 177.39127780999166
9 10.3 236.14032410657086
10 10.5 308.8317514572583
11 10.7 389.6475112155534
12 10.9 478.8106936857213
13 11.1 571.8341624195075
14 11.3 668.7377544480725
15 11.5 776.9661549729904
16 11.7 875.1271095919686
17 11.9 994.8121585741757
18 12.1 1110.7422101504583
19 12.3 1233.6640522476885
20 12.5 1374.4532609027387
21 12.7 1518.7340922269375
22 12.9 1675.9620960112331
23 13.1 1827.710196234013
24 13.3 2010.6109805597096
25 13.5 2201.4554277169073
26 13.7 2399.8019348734992
27 13.9 2605.386822107609
28 14.1 2838.8683736686303
29 14.3 3079.2300180059196
30 14.5 3349.6661275063316
