0 8.5 -112.12500381481384
1 8.7 -113.53251747184686
2 8.9 -111.29093295083474
3 9.1 -113.91735587633914
4 9.3 -108.05536057618937
5 9.5 -108.59889522995697
6 9.7 -88.87173070467233
7 9.9 -47.71568956572152
8 10.1 -4.090090639973139
9 10.3 45.32609027375081
10 10.5 110.04242072817148
11 10.7 184.8750267036959
12 10.9 276.00726340525557
13 11.1 365.53605761894664
14 11.3 470.83986938078027
15 11.5 571.4932706686604
16 11.7 680.8539078951384
17 11.9 796.9444868312609
18 12.1 909.5019379253517
19 12.3 1035.6944486831233
20 12.5 1171.637928403578
21 12.7 1326.71651356548
22 12.9 1487.802056947537
23 13.1 1652.6941740165423
24 13.3 1830.7968382824222
25 13.5 2034.8542741172535
26 13.7 2240.972319711907
27 13.9 2459.8501541184733
28 14.1 2693.0271309549244
29 14.3 2935.057222205266
30 14.5 3210.8343760490707
