0 0 57.10501419110668
0.2 1.667 60.329
0.2 3.333 83.586
0.2 5.0 106.997
0.2 6.667 130.917
0.4 1.667 71.095
0.4 3.333 101.335
0.4 5.0 134.729
0.4 6.667 164.39
0.6 1.667 84.034
0.6 3.333 123.202
0.6 5.0 159.896
0.6 6.667 198.753
0.8 1.667 85.194
0.8 3.333 125.699
0.8 5.0 164.695
0.8 6.667 204.221
1.0 1.667 84.621
1.0 3.333 125.452
1.0 5.0 164.711
1.0 6.667 202.221
1.2 1.667 72.961
1.2 3.333 108.486
1.2 5.0 140.244
1.2 6.667 176.096
1.4 1.667 65.021
1.4 3.333 93.1
1.4 5.0 122.298
1.4 6.667 148.952
1.6 1.667 53.988
1.6 3.333 72.717
1.6 5.0 90.418
1.6 6.667 107.343
