0 9.0 -2.900479140598822
1 9.25 0.17212439344459796
2 9.5 21.190527054658283
3 9.75 68.03064058351367
4 10.0 124.67665639210188
5 10.25 199.41099276711324
6 10.5 286.6884365367592
7 10.75 388.0501724295783
8 11.0 494.27076021607104
9 11.25 608.2244331186865
10 11.5 735.2458265938291
11 11.75 871.7999816888927
12 12.0 1018.0858790856695
13 12.25 1176.6118350779732
14 12.5 1339.9725333414722
15 12.75 1525.8824427014977
16 13.0 1722.805261391034
17 13.25 1955.2546769615751
18 13.5 2227.4736777855733
19 13.75 2449.657277138586
20 14.0 2726.4394054994323
21 14.25 3020.4852443006657
22 14.5 3361.945860164193
