0 8.5 -113.27280495620629
1 8.7 -113.3027130954924
2 8.9 -112.2659993285928
3 9.1 -109.41953794976665
4 9.3 -111.67943357646429
5 9.5 -107.96380504776167
6 9.7 -77.8136539811399
7 9.9 -41.85949278237248
8 10.1 2.7634510330515436
9 10.3 59.576403088473015
10 10.5 123.9991454817348
11 10.7 198.92849513229743
12 10.9 288.2793664357434
13 11.1 384.31836909085416
14 11.3 487.7220984527118
15 11.5 591.4862514114806
16 11.7 703.3582567827386
17 11.9 813.6982329782982
18 12.1 934.2097231971194
19 12.3 1052.9871517075114
20 12.5 1196.3933225501269
21 12.7 1336.592608417005
22 12.9 1493.147373882258
23 13.1 1652.5223548081901
24 13.3 1834.3076876125385
25 13.5 2027.3366496780295
26 13.7 2237.009186071353
27 13.9 2457.3189489425326
28 14.1 2692.577898495441
29 14.3 2925.399639881587
30 14.5 3200.3372295297104
