0 8.5 -113.20291756950604
1 8.7 -111.46977141636403
2 8.9 -114.59364604632715
3 9.1 -110.57649464400183
4 9.3 -113.10129093295099
5 9.5 -99.21506393627743
6 9.7 -71.0058900723292
7 9.9 -30.23865474410239
8 10.1 16.331369975890368
9 10.3 74.85488448744185
10 10.5 137.50358592486367
11 10.7 215.82018494216655
12 10.9 299.70641193884046
13 11.1 396.35914181951307
14 11.3 491.32877590258533
15 11.5 591.6678365428633
16 11.7 704.1740165410326
17 11.9 811.4093447675989
18 12.1 936.1897640919223
19 12.3 1061.7920468764312
20 12.5 1203.2453382976785
21 12.7 1356.1632129886748
22 12.9 1523.8410596026495
23 13.1 1690.4004028443253
24 13.3 1860.410473952455
25 13.5 2055.6196783349105
26 13.7 2259.018524735251
27 13.9 2467.562181463059
28 14.1 2705.2180547502016
29 14.3 2942.810754722734
30 14.5 3205.575731681261
