0 8.5 -114.00219733268246
1 8.7 -111.39194921720046
2 8.9 -111.95348979155865
3 9.1 -111.57780693990918
4 9.3 -111.16336558122498
5 9.5 -100.19623401593068
6 9.7 -72.01574755088994
7 9.9 -27.365642262031994
8 10.1 21.731620227668042
9 10.3 82.30414746543792
10 10.5 156.43360698263513
11 10.7 229.72533341471586
12 10.9 323.03445539719826
13 11.1 425.14908291878953
14 11.3 525.7725760673849
15 11.5 638.9410077211825
16 11.7 750.5029450361649
17 11.9 858.1142612994781
18 12.1 979.0972624896988
19 12.3 1110.4660176397017
20 12.5 1251.0013122959056
21 12.7 1400.324716940824
22 12.9 1557.3430585650196
23 13.1 1718.570207831048
24 13.3 1899.9111911374266
25 13.5 2091.262550737025
26 13.7 2293.043000579851
27 13.9 2509.943845942561
28 14.1 2744.5533616138114
29 14.3 2971.962645344397
30 14.5 3240.924710837119
