0 8.5 18.362987151707497
1 8.7 21.125827814569497
2 8.9 17.950071718497245
3 9.1 20.068056276131436
4 9.3 15.876338999603274
5 9.5 22.240668965727632
6 9.7 50.1745658742025
7 9.9 93.83831293679604
8 10.1 142.87118137150205
9 10.3 196.92373424481931
10 10.5 265.76647236549013
11 10.7 343.3213293862721
12 10.9 425.74053163243445
13 11.1 515.1118503372294
14 11.3 609.0517899105811
15 11.5 713.2413708914474
16 11.7 818.321481978818
17 11.9 926.5578173162019
18 12.1 1044.252449110384
19 12.3 1161.8088320566426
20 12.5 1306.9826349681082
21 12.7 1462.344431897946
22 12.9 1620.8334604937916
23 13.1 1784.0891750846881
24 13.3 1970.1745658742004
25 13.5 2156.8898586992964
26 13.7 2364.4602801599162
27 13.9 2587.474288155768
28 14.1 2822.609332560198
29 14.3 3059.675893429365
30 14.5 3337.1913815729213
