0 8.5 -115.69536423841078
1 8.7 -113.76140629291673
2 8.9 -120.27588732566332
3 9.1 -71.30832850123603
4 9.3 -115.5101168858914
5 9.5 -110.24475844599762
6 9.7 -95.071871089816
7 9.9 -55.58610797448648
8 10.1 -11.211584826197095
9 10.3 37.66319772942282
10 10.5 100.77791680654305
11 10.7 172.7661976989044
12 10.9 249.22086245307847
13 11.1 346.0124515518653
14 11.3 443.18704794457767
15 11.5 536.8813135166478
16 11.7 652.6084170049122
17 11.9 764.4404431287578
18 12.1 880.5233924375135
19 12.3 1014.3302713095466
20 12.5 1148.1017487105937
21 12.7 1310.1568651387097
22 12.9 1463.9979247413542
23 13.1 1634.3397320474871
24 13.3 1806.9505905331575
25 13.5 2012.2406689657275
26 13.7 2198.3342997528002
27 13.9 2440.1635792107936
28 14.1 2673.561204870754
29 14.3 2920.767235328224
30 14.5 3180.665608691668
