0 8.5 -110.10773033845031
1 8.7 -108.06115909298988
2 8.9 -107.44651631214336
3 9.1 -110.24536881618712
4 9.3 -109.48728904080313
5 9.5 -103.69975890377523
6 9.7 -75.65294351023918
7 9.9 -36.82821131015958
8 10.1 14.441053498947113
9 10.3 73.09793389690861
10 10.5 134.534134952849
11 10.7 207.6836451307715
12 10.9 297.3339030121771
13 11.1 393.5831781975775
14 11.3 496.35883663441905
15 11.5 605.4972991119114
16 11.7 713.6289559617923
17 11.9 829.743034150212
18 12.1 945.0233466597515
19 12.3 1070.0741599780274
20 12.5 1206.5376750999492
21 12.7 1351.278115176854
22 12.9 1510.0805688650169
23 13.1 1678.6956389049974
24 13.3 1855.6572161015658
25 13.5 2047.8383739738165
26 13.7 2248.4942167424547
27 13.9 2471.3568529313015
28 14.1 2699.783928952911
29 14.3 2931.1911374248434
30 14.5 3196.05883968627
