0 8.5 45.88335825678257
1 8.7 47.9464094973599
2 8.9 51.87261574144688
3 9.1 50.64424573503808
4 9.3 52.37434003723237
5 9.5 71.36020996734536
6 9.7 103.1626331369975
7 9.9 147.5823236793117
8 10.1 199.53093050935368
9 10.3 259.685354167303
10 10.5 332.06488235114546
11 10.7 407.3201696829124
12 10.9 497.5557725760678
13 11.1 582.6996673482467
14 11.3 681.6498306222732
15 11.5 788.7310403759864
16 11.7 898.7258522293773
17 11.9 1006.7278054139834
18 12.1 1131.0312204351937
19 12.3 1248.4566789757966
20 12.5 1400.0277718436214
21 12.7 1547.9113132114617
22 12.9 1706.073488570816
23 13.1 1885.729239783932
24 13.3 2053.013702810756
25 13.5 2249.5202490310394
26 13.7 2461.8463698232977
27 13.9 2676.0097048860116
28 14.1 2903.1995605334614
29 14.3 3135.4063539536714
30 14.5 3427.148655659655
