0 8.5 -117.05496383556658
1 8.7 -116.6811120944856
2 8.9 -112.84737693411063
3 9.1 -115.90502639851091
4 9.3 -117.0000305185096
5 9.5 -102.32642597735516
6 9.7 -69.49034089175123
7 9.9 -31.64464247566155
8 10.1 22.437208166753045
9 10.3 75.68803979613652
10 10.5 145.81774346140966
11 10.7 224.1224402600175
12 10.9 305.9535508285773
13 11.1 402.4695577867979
14 11.3 498.379467146825
15 11.5 603.2914212469866
16 11.7 714.7434919278555
17 11.9 821.2262337107439
18 12.1 940.0054933317083
19 12.3 1066.6844691305287
20 12.5 1213.9725943784915
21 12.7 1375.6990264595463
22 12.9 1529.6188238166465
23 13.1 1691.225928525651
24 13.3 1872.2785119174798
25 13.5 2059.361552781762
26 13.7 2282.1366008484174
27 13.9 2486.7625965147886
28 14.1 2713.3542893765093
29 14.3 2945.874813074126
30 14.5 3228.7588122196034
