0 8.5 -109.00845362712501
1 8.7 -112.46681112094466
2 8.9 -107.9833368938262
3 9.1 -109.76378673665587
4 9.3 -111.11819818720065
5 9.5 -93.92132328257073
6 9.7 -62.60811181981895
7 9.9 -19.117404705954126
8 10.1 32.37891781365397
9 10.3 88.78597369304492
10 10.5 163.34208197271624
11 10.7 240.10071108127104
12 10.9 325.74053163243445
13 11.1 427.80449842829626
14 11.3 531.3284707174902
15 11.5 633.3021027253029
16 11.7 744.3644520401614
17 11.9 851.5097506637782
18 12.1 975.0151066621892
19 12.3 1092.9371013519706
20 12.5 1235.2769554734928
21 12.7 1385.0688192388695
22 12.9 1547.7657399212608
23 13.1 1705.240028077028
24 13.3 1890.0711081270815
25 13.5 2074.8515274513975
26 13.7 2283.8795129245896
27 13.9 2500.5050813318285
28 14.1 2729.719229712817
29 14.3 2968.7466048158167
30 14.5 3246.6139713736366
