0 8.5 -113.82641071810068
1 8.7 -113.94634846034127
2 8.9 -112.71645252845859
3 9.1 -115.75395977660465
4 9.3 -115.04593035676152
5 9.5 -98.16766869106114
6 9.7 -66.90694906460793
7 9.9 -26.930143131809487
8 10.1 27.37144077883233
9 10.3 86.6991180150762
10 10.5 155.82689901425223
11 10.7 234.67909787286007
12 10.9 316.02465895565604
13 11.1 413.58836634418776
14 11.3 513.469344157231
15 11.5 623.9432966093946
16 11.7 718.2235175634036
17 11.9 833.1254005554376
18 12.1 958.3312479018545
19 12.3 1083.289895321513
20 12.5 1229.841303750723
21 12.7 1377.853328043457
22 12.9 1535.562303537095
23 13.1 1700.0982696005115
24 13.3 1882.0950956755305
25 13.5 2077.172154911956
26 13.7 2277.5045014801512
27 13.9 2485.6611835077993
28 14.1 2725.5610827967157
29 14.3 2966.2352366710393
30 14.5 3225.3727835932455
