0 8.5 21.51249732963039
1 8.7 18.953520310068022
2 8.9 22.450941496017236
3 9.1 24.17523728141114
4 9.3 23.400067140720804
5 9.5 34.298837244788885
6 9.7 63.38053529465624
7 9.9 102.02337717825841
8 10.1 155.62669759208964
9 10.3 212.65968810083268
10 10.5 282.36640522476927
11 10.7 365.19180883205763
12 10.9 453.3289590136412
13 11.1 549.5171971800892
14 11.3 651.8793298135308
15 11.5 757.6665547654646
16 11.7 867.403485213781
17 11.9 979.0691854609802
18 12.1 1103.8831751457285
19 12.3 1225.2592547379982
20 12.5 1364.4337290566723
21 12.7 1511.6818750572218
22 12.9 1677.94122135075
23 13.1 1838.6504715109745
24 13.3 2018.3239234595796
25 13.5 2216.3396099734487
26 13.7 2410.3735465559844
27 13.9 2639.2748802148503
28 14.1 2852.5131992553493
29 14.3 3101.024811548202
30 14.5 3379.5648060548697
