0 8.5 17.53868221076082
1 8.7 19.094210638752358
2 8.9 15.572985015411838
3 9.1 18.407544175542455
4 9.3 19.661244544816384
5 9.5 21.455122531815515
6 9.7 45.242164372691896
7 9.9 80.27863399151605
8 10.1 126.48884548478671
9 10.3 181.8765831476789
10 10.5 244.15753654591543
11 10.7 320.9332560197755
12 10.9 403.679921872616
13 11.1 494.9092074343094
14 11.3 596.9380779442729
15 11.5 700.2804651020846
16 11.7 806.224250007626
17 11.9 913.4049501022371
18 12.1 1035.433820612198
19 12.3 1160.667744987335
20 12.5 1291.382183294169
21 12.7 1443.2963042085048
22 12.9 1611.0272530289594
23 13.1 1766.9991149632256
24 13.3 1946.7644276253543
25 13.5 2140.8651997436386
26 13.7 2350.988189336831
27 13.9 2572.636188848534
28 14.1 2808.2436597796545
29 14.3 3043.4501174962634
30 14.5 3317.0769371623924
