0 8.5 47.94518875698083
1 8.7 48.219244972075444
2 8.9 49.463484603411686
3 9.1 47.45200964384876
4 9.3 48.27234717856351
5 9.5 61.591235084078285
6 9.7 94.89852595599235
7 9.9 135.80675679799833
8 10.1 182.31727042451254
9 10.3 244.89700003051917
10 10.5 309.89013336588624
11 10.7 385.99871822260246
12 10.9 476.6328928495144
13 11.1 566.4735862300482
14 11.3 664.1026032288585
15 11.5 778.4514908291868
16 11.7 879.3523972289212
17 11.9 998.6657307657099
18 12.1 1105.4277169103073
19 12.3 1245.8439893795564
20 12.5 1386.4198736533706
21 12.7 1541.676686910612
22 12.9 1702.5980407116929
23 13.1 1865.9910885952331
24 13.3 2043.9506210516697
25 13.5 2245.7377849665795
26 13.7 2443.421735282449
27 13.9 2666.8773461104206
28 14.1 2892.5830866420483
29 14.3 3131.6702780236205
30 14.5 3401.2707907345766
