0 8.5 -114.25855281228083
1 8.7 -115.32822656941441
2 8.9 -112.06701864680937
3 9.1 -110.05920590838329
4 9.3 -111.202734458449
5 9.5 -95.69505905331579
6 9.7 -67.74315622425028
7 9.9 -23.091830195013316
8 10.1 22.670979949339213
9 10.3 80.00518814661109
10 10.5 148.1615649891661
11 10.7 226.9383831293677
12 10.9 315.34134952848865
13 11.1 413.46842860194687
14 11.3 515.8140812402722
15 11.5 626.3469344157243
16 11.7 733.7266151921156
17 11.9 848.3449812311171
18 12.1 969.9414044618057
19 12.3 1097.4825281533251
20 12.5 1242.294076357308
21 12.7 1404.5249794000056
22 12.9 1564.892422254096
23 13.1 1716.956083864862
24 13.3 1896.9496749778762
25 13.5 2094.00189214759
26 13.7 2294.543595690786
27 13.9 2512.011780144659
28 14.1 2749.259010589916
29 14.3 2979.479354228341
30 14.5 3249.3609424115725
