0 8.5 18.678853724784037
1 8.7 15.435956907864622
2 8.9 15.668202764976954
3 9.1 16.841334269234288
4 9.3 17.94091616565444
5 9.5 27.56279183324681
6 9.7 59.33164464247554
7 9.9 95.08865627002766
8 10.1 145.1316873683891
9 10.3 199.41984313486094
10 10.5 269.8901333658869
11 10.7 343.7943662831498
12 10.9 431.5817743461402
13 11.1 524.1361735892816
14 11.3 623.1037324137098
15 11.5 728.3681752983204
16 11.7 837.2408215582763
17 11.9 946.9261757255789
18 12.1 1072.7799310281694
19 12.3 1201.6183965575133
20 12.5 1330.8120975371573
21 12.7 1480.9042634357731
22 12.9 1645.8867152928258
23 13.1 1814.5176549577325
24 13.3 1988.2705160679966
25 13.5 2186.274910733359
26 13.7 2388.1725516525767
27 13.9 2603.3903012176866
28 14.1 2835.225379192477
29 14.3 3072.961210974456
30 14.5 3339.0517899105803
