0 8.5 15.801873836481825
1 8.7 17.78252510147404
2 8.9 16.469008453627104
3 9.1 19.598071230201068
4 9.3 15.602893154698327
5 9.5 25.83300271614725
6 9.7 45.81072420422963
7 9.9 90.38514358958712
8 10.1 138.38221381267775
9 10.3 198.1640064699239
10 10.5 262.24494155705486
11 10.7 340.05920590838264
12 10.9 428.9751884517955
13 11.1 517.9888302255317
14 11.3 613.3347575304422
15 11.5 715.9150975066395
16 11.7 825.9657582323676
17 11.9 931.7361980040903
18 12.1 1052.2980437635435
19 12.3 1170.3436384167003
20 12.5 1310.611896114998
21 12.7 1462.8568376720461
22 12.9 1627.1080660420528
23 13.1 1783.15012054811
24 13.3 1967.3772392956307
25 13.5 2159.2507705923636
26 13.7 2373.3115634632422
27 13.9 2584.2661824396464
28 14.1 2826.4949491866837
29 14.3 3064.028138065735
30 14.5 3340.6534012878788
