0 8.5 19.157383953367656
1 8.7 16.4134647663808
2 8.9 16.92770165105137
3 9.1 19.609057893612437
4 9.3 17.191686758018744
5 9.5 34.81063264870143
6 9.7 72.86904507583861
7 9.9 115.95324564348262
8 10.1 170.45472579119254
9 10.3 229.87121189001098
10 10.5 300.6616412854396
11 10.7 378.2732627338489
12 10.9 466.73665578173154
13 11.1 559.9633777886285
14 11.3 655.5061494796581
15 11.5 755.8934293649093
16 11.7 863.8792077394934
17 11.9 971.0751670888385
18 12.1 1090.010376293221
19 12.3 1205.7466353343316
20 12.5 1341.4468825342562
21 12.7 1490.585039826653
22 12.9 1647.4956511124005
23 13.1 1813.7601855525395
24 13.3 1992.3435163426632
25 13.5 2189.116794335763
26 13.7 2389.6127201147488
27 13.9 2609.872737815484
28 14.1 2848.69655446028
29 14.3 3077.310098574786
30 14.5 3351.1139255958738
