0 8.5 49.67467268898563
1 8.7 49.27762688070284
2 8.9 48.20032349620019
3 9.1 47.114169743949525
4 9.3 48.51741080965577
5 9.5 69.29593798638889
6 9.7 96.79189428388308
7 9.9 140.31464583269798
8 10.1 196.23523667104084
9 10.3 255.10788293099822
10 10.5 323.5419782097837
11 10.7 403.1232642597738
12 10.9 492.434156315806
13 11.1 588.4191412091434
14 11.3 688.7594225898007
15 11.5 802.4640644550881
16 11.7 907.9662465285204
17 11.9 1017.7260658589403
18 12.1 1137.6308481093783
19 12.3 1273.5413678395958
20 12.5 1409.5281838435017
21 12.7 1573.606067079684
22 12.9 1734.0168462172303
23 13.1 1895.4734946745202
24 13.3 2068.2634968108146
25 13.5 2261.057466353345
26 13.7 2464.6177556688135
27 13.9 2681.578112125003
28 14.1 2903.200476088746
29 14.3 3154.8872341074884
30 14.5 3427.470320749536
