0 8.5 47.14224677266741
1 8.7 48.81893368327869
2 8.9 48.43165379802824
3 9.1 46.9820245979184
4 9.3 48.552812280647956
5 9.5 63.02804651020839
6 9.7 99.65819269386883
7 9.9 139.05575731681287
8 10.1 185.56230353709518
9 10.3 247.82525101474107
10 10.5 319.22208319345606
11 10.7 394.4279305398725
12 10.9 484.7614978484458
13 11.1 578.2470168156984
14 11.3 675.4957731864367
15 11.5 784.9256874294257
16 11.7 897.4224066896587
17 11.9 1009.7436445204013
18 12.1 1127.1974852748185
19 12.3 1255.9974974822194
20 12.5 1400.6064027832883
21 12.7 1548.3700064088878
22 12.9 1701.0876796777227
23 13.1 1876.277047029025
24 13.3 2049.8922696615514
25 13.5 2246.076845606862
26 13.7 2454.4099246192845
27 13.9 2672.1530808435336
28 14.1 2897.3189489425386
29 14.3 3153.502304147465
30 14.5 3428.0669576097885
