0 8.5 -116.46229438154268
1 8.7 -113.41990417188052
2 8.9 -116.7067476424454
3 9.1 -115.66118350779766
4 9.3 -112.35419782097854
5 9.5 -96.50959807123017
6 9.7 -63.745536667989384
7 9.9 -20.20447401348917
8 10.1 31.025421918393448
9 10.3 87.79564806054883
10 10.5 154.87411114841188
11 10.7 236.95333719901112
12 10.9 324.7285378582101
13 11.1 415.68315683462015
14 11.3 513.6295663319805
15 11.5 622.0542008728308
16 11.7 730.2972502822985
17 11.9 841.4343699453739
18 12.1 959.8727378154871
19 12.3 1092.5418866542554
20 12.5 1235.9749137852107
21 12.7 1394.9583422345647
22 12.9 1552.340464491714
23 13.1 1712.4536881618683
24 13.3 1897.8637043366825
25 13.5 2092.5879696035663
26 13.7 2288.004699850458
27 13.9 2519.237342448193
28 14.1 2745.0138859218087
29 14.3 2984.295480208747
30 14.5 3247.7913754692177
