0 8.5 61.858577227088055
1 8.7 64.13556321909222
2 8.9 63.01461836603905
3 9.1 63.35642567216997
4 9.3 61.287575914792264
5 9.5 58.111819818720015
6 9.7 80.00457777642157
7 9.9 116.43452253791918
8 10.1 164.84603411969366
9 10.3 213.51634266182384
10 10.5 276.80196539201063
11 10.7 346.53462324900033
12 10.9 435.80523087252396
13 11.1 524.5918149357587
14 11.3 630.1486251411488
15 11.5 723.5248878444789
16 11.7 841.403546250802
17 11.9 950.6637775811033
18 12.1 1069.3578905606225
19 12.3 1196.9469283120231
20 12.5 1330.4721213415933
21 12.7 1476.9780571916851
22 12.9 1637.3577074495688
23 13.1 1795.3035065767403
24 13.3 1979.339884640035
25 13.5 2174.4096194341846
26 13.7 2379.7097689748794
27 13.9 2589.940794091614
28 14.1 2823.290200506606
29 14.3 3057.83989989929
30 14.5 3326.7174291207625
