0 8.5 56.71987060151974
1 8.7 56.98812829981358
2 8.9 55.19180883205641
3 9.1 55.30075991088576
4 9.3 56.94967497787397
5 9.5 73.91399884029677
6 9.7 108.84151738029092
7 9.9 146.80562761314758
8 10.1 201.0763878292179
9 10.3 258.76766258735984
10 10.5 334.5081942197933
11 10.7 410.1962340159303
12 10.9 504.82833338419795
13 11.1 600.6265449995426
14 11.3 705.9859004486227
15 11.5 815.0846888637919
16 11.7 919.2455824457533
17 11.9 1038.5345011749603
18 12.1 1166.4766380809983
19 12.3 1286.6856898709075
20 12.5 1424.9919125949891
21 12.7 1572.1347697378435
22 12.9 1736.2990203558452
23 13.1 1896.959746086005
24 13.3 2075.443891720326
25 13.5 2271.1465804010145
26 13.7 2480.4361095004115
27 13.9 2694.7767571031823
28 14.1 2925.5986205633703
29 14.3 3161.479537339394
30 14.5 3434.9204992828113
