0 8.5 -115.88610492263552
1 8.7 -117.5511947996461
2 8.9 -117.46330149235543
3 9.1 -116.51631214331506
4 9.3 -113.86425366985095
5 9.5 -111.26041444135878
6 9.7 -84.73799859614878
7 9.9 -43.95550401318387
8 10.1 -0.3863643299661249
9 10.3 62.19367046113461
10 10.5 122.0120853297525
11 10.7 201.4944914090392
12 10.9 284.301583910642
13 11.1 378.7414166692106
14 11.3 479.2175054170361
15 11.5 586.9377727591782
16 11.7 741.4322336497095
17 11.9 807.875911740466
18 12.1 931.3223670155954
19 12.3 1053.1968138676125
20 12.5 1197.1242408520764
21 12.7 1353.6695455793936
22 12.9 1520.6512649922195
23 13.1 1682.738731040377
24 13.3 1875.87298196356
25 13.5 2068.0080568865033
26 13.7 2278.3922849208043
27 13.9 2498.6446729941717
28 14.1 2726.769310586869
29 14.3 2971.8036439100297
30 14.5 3242.1274452955695
