0 8.5 55.73290200506576
1 8.7 54.785302285836124
2 8.9 58.80001220740373
3 9.1 54.68459120456536
4 9.3 57.36075930051558
5 9.5 65.79851680043951
6 9.7 94.20239875484492
7 9.9 133.95214697714192
8 10.1 180.54841761528368
9 10.3 235.8009582811976
10 10.5 305.641041291543
11 10.7 383.55998413037594
12 10.9 466.1555833613091
13 11.1 559.6090578936121
14 11.3 657.2469252601705
15 11.5 760.8252204962304
16 11.7 875.4707480086679
17 11.9 982.506485183263
18 12.1 1109.1467024750532
19 12.3 1228.9718314157528
20 12.5 1367.2521134067806
21 12.7 1515.544907986693
22 12.9 1676.5193639942631
23 13.1 1844.2127750480681
24 13.3 2017.1465193639945
25 13.5 2211.146275215919
26 13.7 2421.7929624317107
27 13.9 2639.2120120853288
28 14.1 2880.529801324508
29 14.3 3112.7701651051384
30 14.5 3394.358348338263
