0 8.5 -109.28250984221931
1 8.7 -110.0921658986175
2 8.9 -109.1546372875148
3 9.1 -111.15817743461422
4 9.3 -110.05767998290975
5 9.5 -100.26703695791488
6 9.7 -73.61949522385358
7 9.9 -35.9584337900937
8 10.1 11.807916501358072
9 10.3 70.7556382946258
10 10.5 137.93908505508617
11 10.7 217.136143070772
12 10.9 303.21970274971756
13 11.1 398.03643910031417
14 11.3 498.8024536881628
15 11.5 604.0116580706219
16 11.7 715.6428724021125
17 11.9 822.3102511673313
18 12.1 950.1266518143261
19 12.3 1063.671987060154
20 12.5 1206.6359447004609
21 12.7 1361.8024231696522
22 12.9 1522.633442182686
23 13.1 1681.3541062654501
24 13.3 1862.2138126773912
25 13.5 2054.825586718345
26 13.7 2258.3239234595817
27 13.9 2470.3949095126204
28 14.1 2690.907620471816
29 14.3 2928.6114078188425
30 14.5 3200.925321207308
