0 8.5 -109.96246223334447
1 8.7 -110.9225745414596
2 8.9 -113.61003448591589
3 9.1 -111.19235816522735
4 9.3 -111.53843806268509
5 9.5 -107.14285714285722
6 9.7 -79.69084749900843
7 9.9 -48.24823755607767
8 10.1 2.480849635303813
9 10.3 56.17725150303632
10 10.5 121.01351969969785
11 10.7 197.16818750572193
12 10.9 283.24777977843576
13 11.1 373.0002746665859
14 11.3 476.4891506698815
15 11.5 583.5584582049014
16 11.7 693.6680196539198
17 11.9 811.8704794457802
18 12.1 926.0603656117422
19 12.3 1044.7904904324464
20 12.5 1186.2443922238838
21 12.7 1335.4554887539282
22 12.9 1492.762535477766
23 13.1 1660.7284768211925
24 13.3 1838.9379558702374
25 13.5 2036.5050202948069
26 13.7 2242.5543992431412
27 13.9 2463.6198004089497
28 14.1 2702.119815668206
29 14.3 2948.032471694078
30 14.5 3224.1819513534897
