0 8.5 54.35316019165601
1 8.7 54.50880458998369
2 8.9 55.64287240211163
3 9.1 55.712759788811624
4 9.3 54.6461378826256
5 9.5 57.354655598620276
6 9.7 82.14789269692088
7 9.9 120.58076723532822
8 10.1 163.98419141209132
9 10.3 222.20313119907152
10 10.5 288.95046845912043
11 10.7 364.6134830774867
12 10.9 453.3207190160826
13 11.1 549.5358134708691
14 11.3 646.7452009643839
15 11.5 757.1633045442057
16 11.7 873.2343516342657
17 11.9 984.5976134525584
18 12.1 1103.9606921597972
19 12.3 1227.2121341593681
20 12.5 1375.367900631733
21 12.7 1521.5823847163315
22 12.9 1689.9359111301007
23 13.1 1854.6406445509217
24 13.3 2029.1732535782944
25 13.5 2229.3588061159094
26 13.7 2438.370921964172
27 13.9 2655.154576250502
28 14.1 2896.4601580858794
29 14.3 3124.235969115269
30 14.5 3411.2158574175223
