0 8.5 54.60646382030676
1 8.7 53.28867458113318
2 8.9 56.208990752891395
3 9.1 56.83126316110684
4 9.3 55.53300576799803
5 9.5 69.75218970305491
6 9.7 102.84371471297331
7 9.9 145.11154515213502
8 10.1 194.79110080263655
9 10.3 252.33893856624104
10 10.5 319.78881191442554
11 10.7 401.63853877376624
12 10.9 489.666127506333
13 11.1 587.3039948728896
14 11.3 689.2349009674366
15 11.5 788.7444685201561
16 11.7 904.8423718985566
17 11.9 1014.2667928098352
18 12.1 1134.3220313119891
19 12.3 1257.455061494796
20 12.5 1396.8694112979513
21 12.7 1554.0079958494837
22 12.9 1706.0286263618896
23 13.1 1871.4426099429315
24 13.3 2044.9458296456808
25 13.5 2245.153355510117
26 13.7 2446.9579149754327
27 13.9 2655.596789452807
28 14.1 2888.5366374706286
29 14.3 3118.9989928891846
30 14.5 3391.073030793172
