0 8.5 -116.36524552140891
1 8.7 -113.5068819238869
2 8.9 -111.52470473342088
3 9.1 -114.88906521805492
4 9.3 -115.1396221808529
5 9.5 -104.25122837000642
6 9.7 -73.7815485091711
7 9.9 -34.51796014282665
8 10.1 16.354258857997365
9 10.3 73.73638111514647
10 10.5 141.99804681539388
11 10.7 222.92611468855804
12 10.9 308.32514419995687
13 11.1 401.51158177434604
14 11.3 495.4707480086682
15 11.5 597.7697073274942
16 11.7 704.7999511703854
17 11.9 807.8240302743585
18 12.1 928.5512863551744
19 12.3 1054.1636402478111
20 12.5 1188.2992034669037
21 12.7 1354.4850001525906
22 12.9 1495.6462294381527
23 13.1 1654.1300698873881
24 13.3 1830.3207495345932
25 13.5 2026.3496810815777
26 13.7 2239.7940000610365
27 13.9 2450.5099642933474
28 14.1 2689.799188207649
29 14.3 2921.1029389324626
30 14.5 3196.4494766075627
