0 8.5 56.37348551896709
1 8.7 56.09393597216682
2 8.9 52.9047517319252
3 9.1 55.479293191320274
4 9.3 55.06698812829954
5 9.5 68.17102572710347
6 9.7 97.57805108798483
7 9.9 139.2626728110603
8 10.1 187.89513840144033
9 10.3 248.04345835749433
10 10.5 315.30167546617
11 10.7 457.704397717215
12 10.9 483.60942411572745
13 11.1 580.4702902310243
14 11.3 683.0164494766083
15 11.5 790.3244117557289
16 11.7 899.4085512863568
17 11.9 1013.3127842036172
18 12.1 1135.4560991241165
19 12.3 1256.5575121311049
20 12.5 1396.4372692037693
21 12.7 1541.164586321606
22 12.9 1706.252632221443
23 13.1 1864.470961638234
24 13.3 2041.5216528824735
25 13.5 2237.813043610951
26 13.7 2444.5658742027063
27 13.9 2667.8936124759716
28 14.1 2895.9166234321124
29 14.3 3129.7851496932894
30 14.5 3401.868953520311
