0 8.5 -109.83886226996678
1 8.7 -110.20569475386829
2 8.9 -108.5934018982514
3 9.1 -109.58067567979968
4 9.3 -109.79583117160566
5 9.5 -102.63313699758896
6 9.7 -80.01647999511727
7 9.9 -43.382061220129835
8 10.1 7.2780541398358025
9 10.3 59.217505417035355
10 10.5 127.67204809717114
11 10.7 209.77721488082466
12 10.9 295.55803094576856
13 11.1 388.6471144749294
14 11.3 491.1923581652282
15 11.5 597.6918851283302
16 11.7 709.0624713888976
17 11.9 817.4010437330206
18 12.1 941.154820398574
19 12.3 1061.3214514603121
20 12.5 1198.9492477187418
21 12.7 1345.561998352
22 12.9 1513.03964354381
23 13.1 1675.0914029358821
24 13.3 1855.211340678122
25 13.5 2055.720694601278
26 13.7 2265.931577501757
27 13.9 2484.2020935697537
28 14.1 2723.2062746055426
29 14.3 2965.7759331034226
30 14.5 3237.972350230409
