0 8.5 20.983916745506107
1 8.7 21.47465437788013
2 8.9 18.49238563188571
3 9.1 20.58046205023343
4 9.3 18.942838831751423
5 9.5 25.199133274330812
6 9.7 47.94000061036993
7 9.9 89.3026520584735
8 10.1 135.62852870265843
9 10.3 188.4960478530228
10 10.5 253.2273323770875
11 10.7 331.6495254371767
12 10.9 418.9666432691425
13 11.1 510.58717612231885
14 11.3 608.3556627094338
15 11.5 710.100100711083
16 11.7 819.294412060913
17 11.9 929.7701956236467
18 12.1 1056.9985045930375
19 12.3 1178.1707205420082
20 12.5 1320.6186101870803
21 12.7 1471.4835047456288
22 12.9 1621.2939848017825
23 13.1 1803.9210180974765
24 13.3 2016.1012604144419
25 13.5 2173.5532700582903
26 13.7 2393.9014862514127
27 13.9 2605.3663747062583
28 14.1 2848.1194494460874
29 14.3 3079.747611926632
30 14.5 3362.206183050022
