0 8.5 -113.73210852381978
1 8.7 -113.08175908688646
2 8.9 -112.22235786004225
3 9.1 -114.7715689565722
4 9.3 -115.31388286996088
5 9.5 -109.69298379467159
6 9.7 -87.75627918332492
7 9.9 -53.61491744743179
8 10.1 -2.7887813959166228
9 10.3 51.706595049897494
10 10.5 115.58671834467606
11 10.7 190.37476729636512
12 10.9 274.9150059511098
13 11.1 369.236426892911
14 11.3 469.69206823938754
15 11.5 573.4092226935636
16 11.7 685.263527329325
17 11.9 795.9617908261339
18 12.1 924.4773705252237
19 12.3 1038.1575975829317
20 12.5 1183.978698080385
21 12.7 1331.8851283303331
22 12.9 1494.5222327341528
23 13.1 1652.45307779168
24 13.3 1832.3694570757173
25 13.5 2019.1097750785839
26 13.7 2238.577227088229
27 13.9 2452.3007904293936
28 14.1 2693.4037293618594
29 14.3 2921.1655018768865
30 14.5 3204.7981200598133
