0 8.5 -117.64488662373752
1 8.7 -112.69631031220432
2 8.9 -114.54268013550237
3 9.1 -113.15042573320716
4 9.3 -111.38767662587368
5 9.5 -111.3238929410686
6 9.7 -92.34748374889364
7 9.9 -55.17410809656063
8 10.1 -12.434156315805547
9 10.3 45.97491378521051
10 10.5 111.18076113162611
11 10.7 180.19653920102513
12 10.9 265.0352488784454
13 11.1 363.5953856013676
14 11.3 463.63628040406513
15 11.5 567.2716452528454
16 11.7 676.8428601947086
17 11.9 788.6834315012046
18 12.1 911.3437299722281
19 12.3 1035.8793908505465
20 12.5 1177.8405102694787
21 12.7 1324.0580462050243
22 12.9 1492.0093386638996
23 13.1 1640.7654042176591
24 13.3 1826.9878231147197
25 13.5 2017.7282021546057
26 13.7 2228.857692190316
27 13.9 2434.1712698751785
28 14.1 2684.7959837641515
29 14.3 2928.774376659443
30 14.5 3212.1594897305226
