0 8.5 49.79216895046823
1 8.7 45.569933164464054
2 8.9 51.474044007690345
3 9.1 48.168584246345226
4 9.3 46.543168431653584
5 9.5 61.622974333933335
6 9.7 91.9687490462966
7 9.9 129.73143711661152
8 10.1 181.99468977935135
9 10.3 240.047608874783
10 10.5 305.0373851741078
11 10.7 382.22266304513766
12 10.9 466.12231818597974
13 11.1 558.8470107119957
14 11.3 654.1795098727376
15 11.5 763.9167455061485
16 11.7 861.4874721518607
17 11.9 975.1319925534827
18 12.1 1101.1548203985737
19 12.3 1217.5572985015415
20 12.5 1361.4294869838548
21 12.7 1519.733878597369
22 12.9 1675.8745078890358
23 13.1 1841.4883877071454
24 13.3 2018.2222968230224
25 13.5 2207.154148991363
26 13.7 2425.262306588944
27 13.9 2631.236304818873
28 14.1 2879.5345927304943
29 14.3 3109.2498550370824
30 14.5 3392.9499191259447
