0 8.5 -109.29715872676785
1 8.7 -112.07739494003125
2 8.9 -113.55204931791128
3 9.1 -108.76949369792784
4 9.3 -108.54060487685797
5 9.5 -103.4803308206426
6 9.7 -83.1315042573323
7 9.9 -42.43018890957361
8 10.1 0.413830988494522
9 10.3 54.6220282601396
10 10.5 125.32792138431975
11 10.7 199.06704916531845
12 10.9 287.74498733481863
13 11.1 382.2345652638333
14 11.3 485.39109469893504
15 11.5 594.9061555833621
16 11.7 706.0512100589018
17 11.9 824.2200994903397
18 12.1 948.0794701986777
19 12.3 1065.326395458848
20 12.5 1201.7856379894417
21 12.7 1353.4669026764714
22 12.9 1502.928861354412
23 13.1 1671.4618366038997
24 13.3 1849.7000030518518
25 13.5 2035.4020813623447
26 13.7 2242.9172643208112
27 13.9 2456.7864009521763
28 14.1 2704.8875392925797
29 14.3 2933.0402539139973
30 14.5 3215.929136020997
