0 8.5 55.67125461592431
1 8.7 57.749565111239775
2 8.9 57.30643635364827
3 9.1 56.85750907925638
4 9.3 55.564134647663465
5 9.5 59.30936613055806
6 9.7 82.60597552415565
7 9.9 125.35447248756368
8 10.1 172.45033112582774
9 10.3 225.239417706839
10 10.5 290.2072206793424
11 10.7 367.96472060304626
12 10.9 454.40443128757545
13 11.1 550.0589007232877
14 11.3 648.6907559434798
15 11.5 756.234321115756
16 11.7 871.1468855861083
17 11.9 978.8305307168777
18 12.1 1103.82885219886
19 12.3 1225.350505081331
20 12.5 1364.8448133793122
21 12.7 1511.1456648457302
22 12.9 1675.3010650959823
23 13.1 1835.6251716666163
24 13.3 2018.9345988341922
25 13.5 2207.203588976715
26 13.7 2415.514084292121
27 13.9 2633.1180761131645
28 14.1 2867.373577074499
29 14.3 3100.640888698997
30 14.5 3381.028778954434
