0 8.5 45.83422345652616
1 8.7 51.49693288979744
2 8.9 53.30362865077648
3 9.1 45.47593615527795
4 9.3 49.25778984954353
5 9.5 55.965758232367634
6 9.7 82.6923429059727
7 9.9 121.22165593432423
8 10.1 173.7595751823482
9 10.3 228.75514999847383
10 10.5 298.81435590685766
11 10.7 377.663197729424
12 10.9 465.4393139439069
13 11.1 556.9350260933247
14 11.3 656.1958677938175
15 11.5 759.4189275795763
16 11.7 870.2307199316379
17 11.9 982.9905087435509
18 12.1 1097.5106051820449
19 12.3 1229.8104800561532
20 12.5 1373.8193914609217
21 12.7 1525.593127231668
22 12.9 1672.1320230719964
23 13.1 1856.2694174016558
24 13.3 2031.9119846186697
25 13.5 2227.16727195044
26 13.7 2429.002349925228
27 13.9 2656.275826288646
28 14.1 2883.82244331187
29 14.3 3139.710684530169
30 14.5 3411.8875698110924
