0 8.5 -112.44758445997515
1 8.7 -111.0376293221842
2 8.9 -110.91311380352194
3 9.1 -109.8529007843259
4 9.3 -113.44370860927161
5 9.5 -108.1594286935025
6 9.7 -82.81289101840285
7 9.9 -47.28171636097291
8 10.1 -2.3050630207220664
9 10.3 51.87322611163636
10 10.5 117.14041566209895
11 10.7 192.10577715384338
12 10.9 279.1680654316847
13 11.1 375.6910916470849
14 11.3 482.8330332346572
15 11.5 581.2668233283484
16 11.7 692.3990600299082
17 11.9 803.3231604968379
18 12.1 929.8403881954409
19 12.3 1060.974761192664
20 12.5 1193.1366924039432
21 12.7 1328.6788537247853
22 12.9 1484.9772637104384
23 13.1 1650.563066499832
24 13.3 1822.809533982361
25 13.5 2016.3542588579985
26 13.7 2229.4845423749516
27 13.9 2442.859584337901
28 14.1 2674.285103915527
29 14.3 2911.0110782189377
30 14.5 3187.653126621297
