0 8.5 13.27341532639544
1 8.7 19.08200323496197
2 8.9 17.849971007415956
3 9.1 15.616626483962524
4 9.3 15.525986510818809
5 9.5 17.42851039155247
6 9.7 39.631946775719335
7 9.9 77.21488082522069
8 10.1 122.74056215094456
9 10.3 177.7248451185644
10 10.5 241.7429120761744
11 10.7 311.0080263679916
12 10.9 397.87224951933337
13 11.1 493.4305856501976
14 11.3 589.5666371654404
15 11.5 690.0357066560872
16 11.7 803.9686269722552
17 11.9 919.7494430372008
18 12.1 1035.6630146183659
19 12.3 1156.5547654652537
20 12.5 1300.4013183996105
21 12.7 1455.913876766257
22 12.9 1615.4618976409183
23 13.1 1779.2242194891176
24 13.3 1955.5363628040404
25 13.5 2148.5110019226618
26 13.7 2359.562059389018
27 13.9 2575.3050325022086
28 14.1 2815.8555864131636
29 14.3 3072.2464674825255
30 14.5 3322.29010895108
