0 8.5 45.173802911465614
1 8.7 44.01287881099871
2 8.9 45.79454939420739
3 9.1 47.80816064943361
4 9.3 48.30378124332389
5 9.5 56.06402783288042
6 9.7 84.67177343058577
7 9.9 122.76039918210422
8 10.1 169.09085360271007
9 10.3 230.54536576433605
10 10.5 290.4190191351056
11 10.7 367.94732505264517
12 10.9 452.2504348887588
13 11.1 540.797448652607
14 11.3 638.3376567888421
15 11.5 742.7137058626055
16 11.7 854.6119571520126
17 11.9 961.6632587664424
18 12.1 1083.0018005920588
19 12.3 1201.1835077974802
20 12.5 1346.3231299783308
21 12.7 1497.0348216193104
22 12.9 1663.5999633777908
23 13.1 1826.5578173162044
24 13.3 2006.7854853968934
25 13.5 2206.046937467574
26 13.7 2413.5895870845643
27 13.9 2644.2603839228527
28 14.1 2877.217627491077
29 14.3 3116.0618915372147
30 14.5 3393.1305887020476
