0 9.0 -1.5936765648365743
1 9.2 0.6692709128086456
2 9.4 18.41425824762713
3 9.6 49.881282998138516
4 9.8 92.87209692678614
5 10.0 167.5826288644064
6 10.2 205.3538621173741
7 10.4 272.2721030304885
8 10.6 386.75252540665963
9 10.8 438.75423444319017
10 11.0 525.2583391827138
11 11.2 628.1408124027224
12 11.4 728.7279885250413
13 11.6 839.4024475844597
14 11.8 959.825128940701
15 12.0 1071.5707876827316
16 12.2 1201.7343668935225
17 12.4 1337.6796777245372
18 12.6 1478.5326700643914
19 12.8 1630.2273628955975
20 13.0 1800.0421155430768
21 13.2 1965.1933347575305
22 13.4 2157.6360362559867
23 13.600000000000001 2371.3904232917266
24 13.8 2669.7647022919396
25 14.0 2817.267372661522
26 14.2 3063.5041352580347
27 14.4 3330.9088412121932
