0 8.5 56.888027588732434
1 8.7 57.28965117343648
2 8.9 55.209509567552516
3 9.1 51.93792535172556
4 9.3 53.5615100558486
5 9.5 58.784447767570796
6 9.7 82.6728110599079
7 9.9 118.65138706625557
8 10.1 164.14807580797745
9 10.3 223.10922574541397
10 10.5 288.01568651387083
11 10.7 360.2728354747159
12 10.9 450.429090243232
13 11.1 534.6458326975308
14 11.3 635.076143681142
15 11.5 741.0190130314045
16 11.7 851.1246070741919
17 11.9 960.035706656088
18 12.1 1085.0239570299386
19 12.3 1209.1158787804798
20 12.5 1353.4000671407196
21 12.7 1500.9030426953932
22 12.9 1661.3974425489064
23 13.1 1829.99481185339
24 13.3 2009.908749656666
25 13.5 2201.337626270334
26 13.7 2415.097201452681
27 13.9 2628.0205694753854
28 14.1 2866.5849787896414
29 14.3 3101.0324411755732
30 14.5 3384.4413586840396
