0 8.5 57.37327188940063
1 8.7 54.711142307809446
2 8.9 53.9637440107423
3 9.1 55.5159154026915
4 9.3 60.43610950041176
5 9.5 57.15048677022589
6 9.7 73.99182103946069
7 9.9 108.3202612384408
8 10.1 152.84005249183653
9 10.3 203.28287606433275
10 10.5 266.76351207007076
11 10.7 333.7342448194824
12 10.9 419.7231971190524
13 11.1 513.0890835291605
14 11.3 610.658589434493
15 11.5 713.3857234412667
16 11.7 827.9403057954653
17 11.9 932.3276467177309
18 12.1 1057.103183080541
19 12.3 1181.4868617816721
20 12.5 1316.6066469313635
21 12.7 1471.9553209021255
22 12.9 1634.069643238624
23 13.1 1803.7864314706844
24 13.3 1974.7883541367833
25 13.5 2175.1063570055207
26 13.7 2372.3789178136544
27 13.9 2595.5949583422357
28 14.1 2826.994537186804
29 14.3 3081.797540208136
30 14.5 3328.815881832331
