0 8.5 51.06357005523824
1 8.7 48.980376598406735
2 8.9 48.584246345408324
3 9.1 49.838862269966405
4 9.3 49.68901638843934
5 9.5 62.09509567552718
6 9.7 95.23728141117586
7 9.9 133.88592181157892
8 10.1 182.2138126773889
9 10.3 243.77636036256015
10 10.5 309.6050904873798
11 10.7 388.1545457319869
12 10.9 475.55253761406306
13 11.1 566.8620868556773
14 11.3 666.4271980956446
15 11.5 771.6223639637443
16 11.7 882.0661030915256
17 11.9 987.4077578051078
18 12.1 1116.2034974211888
19 12.3 1231.4880825220494
20 12.5 1378.101138340403
21 12.7 1530.7675405133225
22 12.9 1684.5731986449787
23 13.1 1853.306070131537
24 13.3 2030.9521774956513
25 13.5 2222.5543992431412
26 13.7 2426.237983336893
27 13.9 2651.151158177437
28 14.1 2881.084017456592
29 14.3 3108.471022675254
30 14.5 3393.92651142918
