0 8.5 19.403668324839003
1 8.7 18.099917600024405
2 8.9 19.210180974761155
3 9.1 18.582415234839893
4 9.3 15.55223242896817
5 9.5 32.666707358012644
6 9.7 61.96539201025401
7 9.9 104.49476607562474
8 10.1 157.93145542771703
9 10.3 215.4570146794028
10 10.5 287.17337565233333
11 10.7 369.5281838435015
12 10.9 458.259529404583
13 11.1 552.9990539262058
14 11.3 650.4547257911912
15 11.5 758.3178197576826
16 11.7 866.309701834163
17 11.9 975.804925687429
18 12.1 1085.9508041627253
19 12.3 1223.063753166296
20 12.5 1363.6512344737075
21 12.7 1512.5220496230959
22 12.9 1677.2878200628693
23 13.1 1834.4502090517906
24 13.3 2012.7185888241215
25 13.5 2202.764976958523
26 13.7 2412.487868892481
27 13.9 2629.421979430524
28 14.1 2856.4754173406186
29 14.3 3084.5097201452663
30 14.5 3362.373729667037
