0 8.5 -109.96948149052417
1 8.7 -111.31015961180464
2 8.9 -112.67281105990781
3 9.1 -109.49827570421448
4 9.3 -113.85814996795564
5 9.5 -102.98318430127863
6 9.7 -74.85793633838952
7 9.9 -32.46528519547112
8 10.1 16.72200689718314
9 10.3 69.95391705069137
10 10.5 140.9323404644919
11 10.7 218.22351756340177
12 10.9 306.3789788506726
13 11.1 404.0516373180332
14 11.3 502.63954588457943
15 11.5 613.789788506731
16 11.7 723.217871639151
17 11.9 837.6482436597809
18 12.1 957.8786584063242
19 12.3 1087.9296243171493
20 12.5 1230.9369182409118
21 12.7 1377.107760856958
22 12.9 1534.1477706228848
23 13.1 1698.7597277748941
24 13.3 1880.6747642445137
25 13.5 2082.1591845454273
26 13.7 2284.684286019471
27 13.9 2502.2244941557037
28 14.1 2730.1541184728485
29 14.3 2988.256477553638
30 14.5 3262.5949888607443
