0 8.5 18.633991515854355
1 8.7 16.69637134922329
2 8.9 16.79616687520979
3 9.1 19.0511795403912
4 9.3 17.646107364116304
5 9.5 24.395275734733083
6 9.7 49.89562669759182
7 9.9 88.27082125309005
8 10.1 137.8548539689325
9 10.3 201.12613299966418
10 10.5 266.96157719657015
11 10.7 347.1593371379737
12 10.9 436.9762260811176
13 11.1 535.1567125461588
14 11.3 635.6996368297368
15 11.5 742.2501297036663
16 11.7 849.2284920804473
17 11.9 956.83004242073
18 12.1 1082.060304574724
19 12.3 1202.6978362376778
20 12.5 1341.99072237312
21 12.7 1488.9110995818962
22 12.9 1648.3663441877527
23 13.1 1802.5400555436872
24 13.3 1983.08847315897
25 13.5 2182.082583086643
26 13.7 2388.0697042756415
27 13.9 2611.889095736566
28 14.1 2845.788445692313
29 14.3 3109.432660908841
30 14.5 3361.533555101162
