0 8.5 54.21155430768735
1 8.7 55.12192144535644
2 8.9 56.25568407238975
3 9.1 56.6365550706501
4 9.3 53.37717825861366
5 9.5 63.306985686818976
6 9.7 95.86321604052844
7 9.9 131.93700979644177
8 10.1 182.5867488631856
9 10.3 239.9020355845824
10 10.5 309.70122379222954
11 10.7 383.67748039185807
12 10.9 476.21753593554524
13 11.1 567.9888302255316
14 11.3 665.717947935423
15 11.5 774.8271126438186
16 11.7 886.852015747553
17 11.9 996.8239387188339
18 12.1 1120.1834162419525
19 12.3 1243.4263130588681
20 12.5 1389.7610400708027
21 12.7 1531.6684469130512
22 12.9 1697.5035859248628
23 13.1 1860.1263466292335
24 13.3 2037.8652302621554
25 13.5 2232.403637806331
26 13.7 2434.4862208929735
27 13.9 2651.597338785978
28 14.1 2863.689687795647
29 14.3 3104.0855128635553
30 14.5 3382.2376171147816
