0 8.5 -112.4420911282693
1 8.7 -110.8890041810359
2 8.9 -112.1988586077458
3 9.1 -113.6585589159827
4 9.3 -110.62074648274174
5 9.5 -104.57716605121011
6 9.7 -73.83037812433278
7 9.9 -37.14590899380473
8 10.1 15.321512497329625
9 10.3 71.6306039613027
10 10.5 137.445905941954
11 10.7 215.40177617725098
12 10.9 302.1756645405435
13 11.1 403.1992553483688
14 11.3 500.1779229102452
15 11.5 606.5633106479081
16 11.7 719.0304269539498
17 11.9 834.6751304666288
18 12.1 954.6659749137856
19 12.3 1081.398052919096
20 12.5 1221.5381328775904
21 12.7 1367.7065340128786
22 12.9 1517.8121280556663
23 13.1 1695.767998290964
24 13.3 1879.5568712424115
25 13.5 2071.722159489733
26 13.7 2278.503677480391
27 13.9 2495.017242957855
28 14.1 2740.855433820606
29 14.3 2979.626758629106
30 14.5 3255.906247138892
