0 8.5 50.33234656819337
1 8.7 49.23551133762605
2 8.9 50.52064577166024
3 9.1 47.803277687917465
4 9.3 46.99667348246689
5 9.5 59.412518692586914
6 9.7 87.03848384044936
7 9.9 127.62688070314668
8 10.1 179.76287118137134
9 10.3 236.30420850245687
10 10.5 305.19150364696134
11 10.7 384.6726889858707
12 10.9 471.2042603839226
13 11.1 561.9248023926501
14 11.3 666.7430646687224
15 11.5 767.6274910733349
16 11.7 880.4596087527106
17 11.9 989.3713187047931
18 12.1 1112.1289712210482
19 12.3 1235.0724814600026
20 12.5 1385.7750175481415
21 12.7 1534.764549699392
22 12.9 1684.4395275734746
23 13.1 1866.5294351023906
24 13.3 2046.8596453749217
25 13.5 2233.8074892422246
26 13.7 2446.3063447981212
27 13.9 2657.4935148167388
28 14.1 2897.923825800345
29 14.3 3128.915066988128
30 14.5 3392.4164555803072
