0 8.5 18.802148503067073
1 8.7 15.806451612903226
2 8.9 19.424726096377423
3 9.1 17.58476516006956
4 9.3 15.001068147831646
5 9.5 24.020508438367827
6 9.7 50.157780693990695
7 9.9 89.23703726310016
8 10.1 136.19006927701676
9 10.3 194.593340861232
10 10.5 266.97805719168736
11 10.7 340.3994872890403
12 10.9 443.8492996002067
13 11.1 527.3332926419873
14 11.3 621.8927579577021
15 11.5 729.7268593401915
16 11.7 840.359202856534
17 11.9 949.1161839655776
18 12.1 1069.1570787682742
19 12.3 1189.3255409405808
20 12.5 1329.1912594988885
21 12.7 1475.9279152806155
22 12.9 1640.9002960295445
23 13.1 1800.3912472914828
24 13.3 1984.9174474318688
25 13.5 2175.526596881007
26 13.7 2395.5226294747727
27 13.9 2608.990447706533
28 14.1 2856.5300454725834
29 14.3 3094.674520096439
30 14.5 3372.040162358469
