0 8.5 48.03704947050367
1 8.7 46.83187353129649
2 8.9 47.47550889614526
3 9.1 47.15567491683681
4 9.3 48.7557603686634
5 9.5 65.24399548326055
6 9.7 98.81679738761564
7 9.9 140.8630634479815
8 10.1 190.5948057496869
9 10.3 250.69277016510577
10 10.5 321.4545121616252
11 10.7 401.02328562273067
12 10.9 490.6848353526419
13 11.1 587.7462080751974
14 11.3 687.1440778832364
15 11.5 786.899929807428
16 11.7 903.0521561326952
17 11.9 1012.7500228888806
18 12.1 1134.3858149967937
19 12.3 1247.087618640703
20 12.5 1393.9851069673755
21 12.7 1559.7112949003574
22 12.9 1701.4325388348027
23 13.1 1874.4563127536865
24 13.3 2062.4985503707994
25 13.5 2251.849726859339
26 13.7 2460.9527878658396
27 13.9 2677.0583208716116
28 14.1 2902.154301583912
29 14.3 3154.025696584978
30 14.5 3424.3739127781
