0 8.5 47.32932523575526
1 8.7 45.935850093081264
2 8.9 44.80391857661649
3 9.1 44.82284005249164
4 9.3 52.14819788201513
5 9.5 73.45469527268293
6 9.7 112.23242896816897
7 9.9 154.56251716666165
8 10.1 208.1756035035243
9 10.3 268.3828241828674
10 10.5 337.5572985015406
11 10.7 412.30445265053226
12 10.9 501.8713950010688
13 11.1 594.5289468062379
14 11.3 694.3418683431499
15 11.5 801.2103640858152
16 11.7 909.2806787316508
17 11.9 1017.6274910733323
18 12.1 1136.4683980834354
19 12.3 1265.244911038544
20 12.5 1406.5373699148527
21 12.7 1565.2665791802738
22 12.9 1719.8754844813377
23 13.1 1896.3170262764381
24 13.3 2067.11600085452
25 13.5 2263.0869472335
26 13.7 2483.735465559863
27 13.9 2696.5453047273154
28 14.1 2927.1834467604613
29 14.3 3166.3951536606965
30 14.5 3450.672933133945
