0 8.5 -108.66634113589886
1 8.7 -109.92248298593094
2 8.9 -111.68614764854898
3 9.1 -110.79195532090209
4 9.3 -110.76265755180519
5 9.5 -99.75646229438135
6 9.7 -65.94073305459793
7 9.9 -28.336741233558215
8 10.1 24.455092013305975
9 10.3 77.560350352489
10 10.5 151.08462782677717
11 10.7 233.62743003631704
12 10.9 318.6214789269691
13 11.1 413.6106448561052
14 11.3 520.209356975006
15 11.5 624.3498031556145
16 11.7 736.7079683828251
17 11.9 853.3136997589035
18 12.1 968.6046937467571
19 12.3 1099.775994140448
20 12.5 1233.7266151921128
21 12.7 1389.054231391338
22 12.9 1540.670491653187
23 13.1 1704.0375988036735
24 13.3 1883.9857173375665
25 13.5 2082.0307016205325
26 13.7 2284.3339335306873
27 13.9 2497.8481398968506
28 14.1 2725.453352458261
29 14.3 2969.701834162418
30 14.5 3251.612598040714
