0 8.5 49.7900326548049
1 8.7 48.64192632831788
2 8.9 47.343058565019405
3 9.1 48.8558610797446
4 9.3 49.63438825647727
5 9.5 67.92291024506376
6 9.7 98.34284493545336
7 9.9 143.24167607654087
8 10.1 198.33185827204179
9 10.3 252.40699484237263
10 10.5 321.2433240760517
11 10.7 397.80205694753926
12 10.9 484.06292916653985
13 11.1 582.5302896206546
14 11.3 675.7329020050659
15 11.5 775.1277199621572
16 11.7 882.6108584856719
17 11.9 991.2829981383741
18 12.1 1113.1629383220902
19 12.3 1239.73906674398
20 12.5 1390.9579760124498
21 12.7 1548.3803827021088
22 12.9 1691.2366100039667
23 13.1 1872.2403637806342
24 13.3 2049.5605334635443
25 13.5 2239.854731894896
26 13.7 2450.8920560319857
27 13.9 2667.91039765618
28 14.1 2903.097323526717
29 14.3 3135.4841761528382
30 14.5 3411.6412854396176
