0 8.5 -120.40559099093622
1 8.7 -115.67094943083008
2 8.9 -115.05478072450956
3 9.1 -117.09921567430659
4 9.3 -113.03811761833569
5 9.5 -109.34385204626606
6 9.7 -83.08511612292874
7 9.9 -48.507644886623574
8 10.1 -4.397106845301673
9 10.3 49.96673482467095
10 10.5 112.35480819116793
11 10.7 186.03473006378354
12 10.9 263.58989226966236
13 11.1 353.6051515243992
14 11.3 457.36808374278985
15 11.5 548.5168004394661
16 11.7 664.0031128879664
17 11.9 770.1455732902008
18 12.1 886.3832514420012
19 12.3 1006.177251503036
20 12.5 1151.7767876216924
21 12.7 1311.6281624805467
22 12.9 1467.4904629657872
23 13.1 1633.0365916928622
24 13.3 1807.2722556230347
25 13.5 1997.2765282143628
26 13.7 2215.615405743584
27 13.9 2432.2537919248025
28 14.1 2670.4214606158657
29 14.3 2908.0605487228017
30 14.5 3180.4748680074445
