0 8.5 -111.43589587084566
1 8.7 -110.96682638019966
2 8.9 -110.08850367748046
3 9.1 -112.17413861507022
4 9.3 -108.56898709067048
5 9.5 -105.56505020294809
6 9.7 -81.26316110721172
7 9.9 -40.329599902340746
8 10.1 4.112369151890619
9 10.3 57.838679158909756
10 10.5 125.16739402447597
11 10.7 202.5605029450356
12 10.9 287.955565050203
13 11.1 381.8222602008125
14 11.3 481.44932401501535
15 11.5 583.3668019653915
16 11.7 694.0867336039311
17 11.9 798.7801751762412
18 12.1 925.4353465376735
19 12.3 1042.3957029938642
20 12.5 1177.5963621936714
21 12.7 1327.4452955717654
22 12.9 1488.3352153080825
23 13.1 1652.898648030031
24 13.3 1828.5085604419075
25 13.5 2033.642994476152
26 13.7 2238.07580797754
27 13.9 2452.2205267494755
28 14.1 2690.223090304271
29 14.3 2934.7541734061692
30 14.5 3215.0651570177274
