0 8.5 -115.34501174962622
1 8.7 -114.13251136814489
2 8.9 -113.50810266426609
3 9.1 -115.66637165440854
4 9.3 -116.36066774498747
5 9.5 -106.45527512436307
6 9.7 -76.03320413831007
7 9.9 -38.18140202032528
8 10.1 4.7550889614551215
9 10.3 68.70662556840735
10 10.5 135.15701773125429
11 10.7 208.2082583086635
12 10.9 291.5460676900544
13 11.1 383.0704672383807
14 11.3 482.64992217780133
15 11.5 583.252052369761
16 11.7 698.3080538346505
17 11.9 801.2561418500295
18 12.1 917.6448866237362
19 12.3 1054.607074190497
20 12.5 1200.5319376201653
21 12.7 1353.3100375377664
22 12.9 1514.5210119937744
23 13.1 1679.0121158482627
24 13.3 1855.4490798669403
25 13.5 2052.0279549546813
26 13.7 2261.5329447309814
27 13.9 2480.0045777764226
28 14.1 2709.7161778618743
29 14.3 2939.4680623798326
30 14.5 3204.3101290932955
