0 8.5 -113.9112521744438
1 8.7 -115.93401898251307
2 8.9 -113.94207586901459
3 9.1 -112.52113406781221
4 9.3 -112.45216223639645
5 9.5 -107.66685995055992
6 9.7 -85.35325174718483
7 9.9 -47.095553453169245
8 10.1 0.834986419263283
9 10.3 53.85784478286062
10 10.5 120.12573625904102
11 10.7 195.96453749198866
12 10.9 281.4520706808682
13 11.1 376.7461165196694
14 11.3 478.4487441633359
15 11.5 578.9004181035796
16 11.7 697.238380077517
17 11.9 801.9953001495414
18 12.1 916.9112216559332
19 12.3 1044.9342326120784
20 12.5 1192.7780999175993
21 12.7 1332.7286599322506
22 12.9 1481.0745567186489
23 13.1 1656.2886440626255
24 13.3 1836.32312997833
25 13.5 2030.6085390789526
26 13.7 2237.6613666188537
27 13.9 2452.7967162083814
28 14.1 2688.9181188390776
29 14.3 2921.074861903745
30 14.5 3217.5273903622533
