0 8.5 50.266731772819966
1 8.7 48.634601886043626
2 8.9 48.888515884883944
3 9.1 49.90905484176131
4 9.3 49.43174535355675
5 9.5 69.22605059968872
6 9.7 106.38447218237842
7 9.9 147.53929258095047
8 10.1 203.50230414746522
9 10.3 260.2215643787965
10 10.5 332.02246162297337
11 10.7 407.4611651966919
12 10.9 493.306070131535
13 11.1 587.8176213873705
14 11.3 685.3529465620903
15 11.5 788.2177190466018
16 11.7 896.5105136265161
17 11.9 1008.8381603442472
18 12.1 1129.8492385631878
19 12.3 1250.51637318033
20 12.5 1386.942350535598
21 12.7 1540.7632679219962
22 12.9 1692.3621326334423
23 13.1 1869.9682607501459
24 13.3 2041.8726157414485
25 13.5 2226.9853816339637
26 13.7 2442.9398480178243
27 13.9 2650.521866512047
28 14.1 2878.9950254829587
29 14.3 3123.8309884945193
30 14.5 3398.9669484542346
