0 8.5 15.503402813806579
1 8.7 12.965788750877401
2 8.9 15.13473921933653
3 9.1 15.737174596392707
4 9.3 17.09158604693746
5 9.5 26.05212561418495
6 9.7 56.18274483474208
7 9.9 94.69618823816641
8 10.1 144.61714529862374
9 10.3 202.5379192480234
10 10.5 269.3487350077827
11 10.7 349.84649189733534
12 10.9 435.3114413892018
13 11.1 532.636494033631
14 11.3 627.1825312051772
15 11.5 734.5231482894391
16 11.7 844.9635303811781
17 11.9 953.9689321573536
18 12.1 1076.7107150486763
19 12.3 1192.095095675527
20 12.5 1333.1565294351026
21 12.7 1479.1549424726104
22 12.9 1634.3226416821828
23 13.1 1804.4077883236162
24 13.3 1983.3579515976437
25 13.5 2182.417371135593
26 13.7 2393.657643360695
27 13.9 2610.621051667838
28 14.1 2850.588091677601
29 14.3 3089.252296517836
30 14.5 3369.8678548539665
