0 8.5 -116.4964751121557
1 8.7 -109.95178075502801
2 8.9 -108.4130375072481
3 9.1 -112.37372966704328
4 9.3 -112.37830744346466
5 9.5 -104.5884578997162
6 9.7 -78.88363292336831
7 9.9 -37.17459639271224
8 10.1 6.892300180059196
9 10.3 66.04297006134229
10 10.5 135.21500289925862
11 10.7 208.83449812311144
12 10.9 298.72157963805023
13 11.1 396.01092562639263
14 11.3 496.1134678182322
15 11.5 605.5381939146093
16 11.7 720.5529953917071
17 11.9 830.0534073915826
18 12.1 941.8073061311696
19 12.3 1076.195257423628
20 12.5 1211.281167027802
21 12.7 1359.1238135929432
22 12.9 1509.8516800439456
23 13.1 1683.415326395461
24 13.3 1865.1066621906186
25 13.5 2055.340433973207
26 13.7 2267.6454969939277
27 13.9 2486.491897335739
28 14.1 2725.2287362285183
29 14.3 2952.305673390908
30 14.5 3238.6034730063725
