0 8.5 53.5880611590927
1 8.7 52.6285592211675
2 8.9 54.49415570543512
3 9.1 50.18311105685568
4 9.3 52.78359324930538
5 9.5 68.44508194219806
6 9.7 104.33759575182329
7 9.9 146.07257301553412
8 10.1 199.9298074282048
9 10.3 262.7478865932193
10 10.5 336.86696981719376
11 10.7 422.2089297158722
12 10.9 508.2750938444175
13 11.1 605.4197820978427
14 11.3 705.7564012573638
15 11.5 812.464369640183
16 11.7 915.5159154026923
17 11.9 1032.3834955900707
18 12.1 1149.3533127842031
19 12.3 1270.9216589861749
20 12.5 1413.3332316049678
21 12.7 1559.8660237433996
22 12.9 1718.8134403515717
23 13.1 1872.7582628864411
24 13.3 2053.7034211249124
25 13.5 2246.4165166173298
26 13.7 2451.0943937498137
27 13.9 2664.889370403153
28 14.1 2898.2222968230244
29 14.3 3144.2393261513134
30 14.5 3399.7766045106355
