0 8.5 48.61201818903145
1 8.7 46.07989745780796
2 8.9 51.047395245215995
3 9.1 46.43360698263471
4 9.3 50.661641285439345
5 9.5 68.45301675466168
6 9.7 102.14087343974116
7 9.9 145.1011688589132
8 10.1 196.4299447614976
9 10.3 257.3580126346637
10 10.5 325.87267677846535
11 10.7 404.22711874752014
12 10.9 489.26450392162934
13 11.1 582.0926541947695
14 11.3 670.8383434553054
15 11.5 776.9701223792231
16 11.7 885.7564012573632
17 11.9 996.6734824671166
18 12.1 1111.9132053590522
19 12.3 1235.7814264351318
20 12.5 1385.7509079256565
21 12.7 1532.2870571001317
22 12.9 1689.0273751029981
23 13.1 1863.0729087191391
24 13.3 2040.6103701895217
25 13.5 2231.2247077852708
26 13.7 2448.962065492723
27 13.9 2664.7416608172903
28 14.1 2883.3130893887155
29 14.3 3129.1247291482273
30 14.5 3407.8936124759653
