0 8.5 -114.3134861293377
1 8.7 -114.51857051301617
2 8.9 -115.89037751396246
3 9.1 -115.26169621875685
4 9.3 -114.30860316782143
5 9.5 -92.04901272621849
6 9.7 -61.1450544755395
7 9.9 -18.62483596301155
8 10.1 33.30668050172425
9 10.3 94.28479873043001
10 10.5 157.60734885708197
11 10.7 230.24506363109234
12 10.9 319.07010101626594
13 11.1 407.5688955351426
14 11.3 508.4154789880063
15 11.5 612.3194067201764
16 11.7 722.9770805993846
17 11.9 839.7891170995226
18 12.1 954.4026001770093
19 12.3 1069.186376537371
20 12.5 1209.1039765617843
21 12.7 1364.3998535111518
22 12.9 1522.5806451612916
23 13.1 1686.4275032807402
24 13.3 1862.0059816278592
25 13.5 2045.3035065767388
26 13.7 2253.3378093813894
27 13.9 2468.92422254097
28 14.1 2699.4375438703587
29 14.3 2935.6428724021075
30 14.5 3201.5063936277347
