0 8.5 -111.2503433332317
1 8.7 -114.37177648243669
2 8.9 -111.22623371074569
3 9.1 -114.21308023316159
4 9.3 -111.8613238929411
5 9.5 -99.37925351725801
6 9.7 -74.47035126804441
7 9.9 -30.848414563432836
8 10.1 23.874935148167307
9 10.3 73.00637836848061
10 10.5 142.81105990783442
11 10.7 218.3068330942711
12 10.9 305.7658619952995
13 11.1 402.31818597979685
14 11.3 501.4380321665095
15 11.5 612.2354808191172
16 11.7 719.6249275185415
17 11.9 837.4614703817876
18 12.1 952.5162511062967
19 12.3 1088.0840479750984
20 12.5 1224.1337321085236
21 12.7 1377.3216956083857
22 12.9 1532.303537095247
23 13.1 1704.6290475173166
24 13.3 1880.8548234504253
25 13.5 2071.123081148716
26 13.7 2284.995880001219
27 13.9 2495.5592516861466
28 14.1 2732.123783074431
29 14.3 2964.525589770191
30 14.5 3231.7856379894347
