0 8.5 47.48313852351431
1 8.7 49.41648609881869
2 8.9 49.12259285256489
3 9.1 44.2017883846551
4 9.3 51.333048493911306
5 9.5 67.29850154118483
6 9.7 100.36255989257478
7 9.9 140.7950071718501
8 10.1 195.53483687856675
9 10.3 255.36759544663897
10 10.5 324.10962248603744
11 10.7 396.94082461012584
12 10.9 485.6611835077984
13 11.1 582.4585711233858
14 11.3 679.9295022431114
15 11.5 781.3171788689842
16 11.7 895.6334116641756
17 11.9 1004.7190771202725
18 12.1 1128.4139530625323
19 12.3 1245.0917081209716
20 12.5 1395.7316812646861
21 12.7 1551.2054811243008
22 12.9 1696.020691549425
23 13.1 1870.773949400314
24 13.3 2042.5562303537095
25 13.5 2248.757591479233
26 13.7 2446.2663655507054
27 13.9 2664.1926328318177
28 14.1 2896.5709402752746
29 14.3 3132.013916440321
30 14.5 3401.890011291846
