0 8.5 56.55293435468583
1 8.7 56.450086977751695
2 8.9 55.41947691274733
3 9.1 57.346415601061764
4 9.3 57.192907498397545
5 9.5 58.68221076082632
6 9.7 77.29789117099547
7 9.9 121.8549150059511
8 10.1 158.61781670583213
9 10.3 208.2891323587752
10 10.5 269.9539170506918
11 10.7 342.8135013885916
12 10.9 427.7846613971367
13 11.1 517.3696096682636
14 11.3 616.5462202826034
15 11.5 722.5189977721499
16 11.7 828.9556566057338
17 11.9 939.4891201513738
18 12.1 1056.6252632221417
19 12.3 1180.9784234138
20 12.5 1323.8727988525047
21 12.7 1475.608996856593
22 12.9 1638.1685842463467
23 13.1 1799.5025482955402
24 13.3 1981.270485549486
25 13.5 2175.6877346110373
26 13.7 2378.6416211432233
27 13.9 2597.8325754570133
28 14.1 2831.598559526351
29 14.3 3076.802575762196
30 14.5 3334.087649159217
