0 8.5 -112.72072511978524
1 8.7 -111.66112247077861
2 8.9 -110.43031098361162
3 9.1 -108.80367442854106
4 9.3 -110.85055085909615
5 9.5 -100.33204138309893
6 9.7 -76.04266487624783
7 9.9 -35.36637470625942
8 10.1 12.644123661000403
9 10.3 69.76256599627679
10 10.5 135.79454939420802
11 10.7 209.33652760399113
12 10.9 293.1095309305092
13 11.1 390.5148472548602
14 11.3 491.4859462263865
15 11.5 593.3973204748676
16 11.7 709.3163853877395
17 11.9 826.1137730033242
18 12.1 942.1161534470667
19 12.3 1059.3807794427341
20 12.5 1199.264198736533
21 12.7 1348.4151738029107
22 12.9 1508.4688863795893
23 13.1 1676.4183477278978
24 13.3 1853.415936765648
25 13.5 2050.8954130680254
26 13.7 2253.040864284189
27 13.9 2470.9372234260095
28 14.1 2703.021027253028
29 14.3 2954.979094821004
30 14.5 3205.272072511978
