0 8.5 47.98242133854162
1 8.7 47.44041261024785
2 8.9 50.44648579363357
3 9.1 47.25547044282335
4 9.3 44.6073793755911
5 9.5 58.2976775414288
6 9.7 87.01986754966894
7 9.9 128.0001220740381
8 10.1 174.6400341807307
9 10.3 230.98544267097984
10 10.5 299.01608325449376
11 10.7 375.1957762382891
12 10.9 465.12405774102
13 11.1 561.3910336619147
14 11.3 661.6165654469435
15 11.5 769.2199468977935
16 11.7 875.0563066499845
17 11.9 984.5033112582789
18 12.1 1097.4034852137831
19 12.3 1228.3956419568449
20 12.5 1378.0907620471817
21 12.7 1534.283577990053
22 12.9 1688.1637012848282
23 13.1 1862.7481917783139
24 13.3 2044.949186681724
25 13.5 2236.5047151097156
26 13.7 2448.2738731040363
27 13.9 2676.8248542741185
28 14.1 2892.961821344646
29 14.3 3143.765068514053
30 14.5 3425.1258888515895
