0 8.5 -113.69365520188009
1 8.7 -113.1168553727838
2 8.9 -116.61824396496498
3 9.1 -111.93884090701025
4 9.3 -113.78032776879185
5 9.5 -113.3164464247567
6 9.7 -93.54808191167942
7 9.9 -57.89452803125101
8 10.1 -11.900692770165119
9 10.3 41.17435224463624
10 10.5 100.35798211615331
11 10.7 171.34647663808084
12 10.9 253.94970549638413
13 11.1 344.2304757835625
14 11.3 446.965544602801
15 11.5 546.8910794396801
16 11.7 658.2082583086636
17 11.9 763.4095278786588
18 12.1 887.8020569475397
19 12.3 1013.0790124210316
20 12.5 1159.7869808038588
21 12.7 1306.8675801873856
22 12.9 1471.6391491439545
23 13.1 1636.6637165440848
24 13.3 1820.8587908566558
25 13.5 2014.791405987732
26 13.7 2216.8114261299497
27 13.9 2434.2347483748877
28 14.1 2678.278756065557
29 14.3 2915.5900753807173
30 14.5 3190.787987914669
