0 8.5 -111.13925595873916
1 8.7 -107.8124332407604
2 8.9 -109.22971282082598
3 9.1 -107.80877101962335
4 9.3 -112.05633716849282
5 9.5 -110.26856288338892
6 9.7 -83.43363750114457
7 9.9 -45.82415234839921
8 10.1 -0.12054811243019055
9 10.3 51.34586626789123
10 10.5 116.80654316843163
11 10.7 187.87011322367
12 10.9 269.63133640553076
13 11.1 364.93392742698546
14 11.3 472.5443281350148
15 11.5 566.615192114017
16 11.7 683.951231421858
17 11.9 795.3602710043625
18 12.1 911.4487136448241
19 12.3 1030.0549333170525
20 12.5 1172.7014984588159
21 12.7 1328.8665425580614
22 12.9 1487.9631946775708
23 13.1 1650.1681569872148
24 13.3 1827.4324777977872
25 13.5 2022.959990234077
26 13.7 2229.8641926328337
27 13.9 2438.5912656025907
28 14.1 2678.66176335948
29 14.3 2922.839747306742
30 14.5 3203.7434003723274
