0 8.5 -110.9335612048709
1 8.7 -113.92193365276054
2 8.9 -109.31180761131638
3 9.1 -114.220099490341
4 9.3 -111.09439374980936
5 9.5 -107.03634754478585
6 9.7 -80.94912564470377
7 9.9 -45.47196874904615
8 10.1 7.637867366557816
9 10.3 61.79357280190426
10 10.5 130.87893307290904
11 10.7 210.3448591570785
12 10.9 294.69862971892434
13 11.1 389.06521805475035
14 11.3 492.5943784905559
15 11.5 594.183172093875
16 11.7 699.2013306070132
17 11.9 804.2851039155217
18 12.1 925.9074678792675
19 12.3 1043.830988494523
20 12.5 1179.1558580278943
21 12.7 1331.5878780480389
22 12.9 1485.3129673146757
23 13.1 1648.1841486861806
24 13.3 1830.9555345316946
25 13.5 2018.8668477431575
26 13.7 2221.723075045016
27 13.9 2437.557908871731
28 14.1 2673.196203497423
29 14.3 2906.23340556047
30 14.5 3183.00302133244
