0 8.5 53.281655323953764
1 8.7 52.182378612628334
2 8.9 54.505752739035984
3 9.1 53.981444746238296
4 9.3 54.6281319620347
5 9.5 67.86278878139598
6 9.7 96.24256111331513
7 9.9 136.4113284707178
8 10.1 189.53825495162812
9 10.3 245.21927549058526
10 10.5 318.821680349131
11 10.7 395.010223700675
12 10.9 484.63484603412013
13 11.1 583.0167546617022
14 11.3 682.9798272652364
15 11.5 788.4078493606378
16 11.7 901.9827875606568
17 11.9 1012.601397747733
18 12.1 1137.0342112491203
19 12.3 1256.2797936948741
20 12.5 1396.3826410718107
21 12.7 1539.4808801538118
22 12.9 1698.6837366862994
23 13.1 1866.361888485368
24 13.3 2042.2766808069102
25 13.5 2231.7807550279235
26 13.7 2441.184118167672
27 13.9 2649.1628772850772
28 14.1 2882.3743400372346
29 14.3 3115.7023834955908
30 14.5 3388.9767143772683
