0 8.5 16.258430738242748
1 8.7 17.715384380626837
2 8.9 16.81203650013732
3 9.1 20.432142094180133
4 9.3 16.142460402233947
5 9.5 22.640156254768478
6 9.7 46.258125553147714
7 9.9 87.4037903988769
8 10.1 136.73512985625803
9 10.3 191.92968535416725
10 10.5 255.8555864131601
11 10.7 335.4625080111079
12 10.9 414.9684133426922
13 11.1 506.69850764488683
14 11.3 607.6519058809162
15 11.5 707.5835444196916
16 11.7 820.5423139133865
17 11.9 930.4095583971678
18 12.1 1049.6795556505024
19 12.3 1173.6457411420022
20 12.5 1311.490829187905
21 12.7 1461.8588824121823
22 12.9 1618.7804803613383
23 13.1 1787.5493636890753
24 13.3 1964.2472609637714
25 13.5 2159.5403912472893
26 13.7 2370.304269539475
27 13.9 2584.394970549641
28 14.1 2829.250770592365
29 14.3 3066.3966795861697
30 14.5 3345.6749168370566
