0 8.5 55.753349406414685
1 8.7 53.150425733206845
2 8.9 52.6792199468976
3 9.1 53.048188726462385
4 9.3 56.63533433027109
5 9.5 54.191412091433186
6 9.7 75.46037171544556
7 9.9 110.24933622241875
8 10.1 151.7142246772669
9 10.3 202.51289407025317
10 10.5 259.64537491988926
11 10.7 335.47990356150945
12 10.9 420.1232947782829
13 11.1 512.9590746787932
14 11.3 609.7552415540027
15 11.5 711.8247016815712
16 11.7 821.918393505661
17 11.9 930.2652058473436
18 12.1 1052.6914273506916
19 12.3 1184.6510208441427
20 12.5 1315.1768547624142
21 12.7 1466.5141758476527
22 12.9 1628.337961973935
23 13.1 1795.6938383129338
24 13.3 1973.121738334301
25 13.5 2167.9909665211935
26 13.7 2367.680593279825
27 13.9 2587.8710287789577
28 14.1 2822.5162511062954
29 14.3 3055.0346385082535
30 14.5 3320.1046784874975
