0 8.5 47.35831781975752
1 8.7 47.81914731284501
2 8.9 47.31986449781765
3 9.1 46.145512253181316
4 9.3 48.75545518356859
5 9.5 57.73552659688092
6 9.7 90.63142796105848
7 9.9 129.12289803765995
8 10.1 179.48240607928716
9 10.3 237.23410748619048
10 10.5 307.1947386089662
11 10.7 384.54664754173433
12 10.9 473.50749229407694
13 11.1 561.1969359416482
14 11.3 669.9343852046262
15 11.5 770.2258369701215
16 11.7 870.8212530899988
17 11.9 986.6591387676626
18 12.1 1103.697927793209
19 12.3 1243.9643543809293
20 12.5 1389.2605365153966
21 12.7 1547.1248512222658
22 12.9 1705.646839808343
23 13.1 1877.8997161778655
24 13.3 2061.7444380016477
25 13.5 2247.6686910611306
26 13.7 2462.1164586321606
27 13.9 2668.3349101229915
28 14.1 2893.6729026154367
29 14.3 3131.621448408459
30 14.5 3417.055574205755
