0 8.5 -109.26267281105997
1 8.7 -111.37791070284148
2 8.9 -112.86812952055435
3 9.1 -109.27762688070305
4 9.3 -109.00387585070348
5 9.5 -106.30329294717241
6 9.7 -82.11615344706578
7 9.9 -48.8793603320413
8 10.1 0.9128086184270764
9 10.3 53.56547746208046
10 10.5 120.46205023346671
11 10.7 195.53147984252436
12 10.9 278.104800561541
13 11.1 365.58793908505584
14 11.3 469.74517044587566
15 11.5 568.5457930234683
16 11.7 680.8258308664207
17 11.9 789.6749778740796
18 12.1 906.0585345011756
19 12.3 1021.2207403790367
20 12.5 1163.8206122012996
21 12.7 1319.2379528183865
22 12.9 1485.1796014282656
23 13.1 1648.4481337931466
24 13.3 1820.2133243812373
25 13.5 2015.550096133306
26 13.7 2219.9746696371335
27 13.9 2438.6816003906365
28 14.1 2671.9251075777493
29 14.3 2919.5495468001377
30 14.5 3183.7708670308534
