0 8.5 44.14380321665076
1 8.7 44.57228308969366
2 8.9 49.41923276467148
3 9.1 44.84176152836675
4 9.3 49.937742240668705
5 9.5 62.34412671285132
6 9.7 89.28739280373551
7 9.9 132.43415631580578
8 10.1 182.68288216803487
9 10.3 234.8878444776757
10 10.5 311.924497207556
11 10.7 393.67076631977346
12 10.9 479.5617542039252
13 11.1 566.8800927762686
14 11.3 670.5810724204232
15 11.5 778.6288033692437
16 11.7 884.9443037202076
17 11.9 997.4944303720224
18 12.1 1114.7935422833937
19 12.3 1246.3112277596342
20 12.5 1387.9241309854424
21 12.7 1536.877956480607
22 12.9 1706.327707754752
23 13.1 1869.638966032898
24 13.3 2048.348338267159
25 13.5 2240.021057771539
26 13.7 2446.9725638599807
27 13.9 2658.327280495623
28 14.1 2881.8338572344155
29 14.3 3134.239631336407
30 14.5 3400.8346812341647
