0 8.5 48.30317087313427
1 8.7 47.15018158513117
2 8.9 47.00033570360402
3 9.1 47.8957487716298
4 9.3 47.4169133579514
5 9.5 66.94936979277941
6 9.7 94.77431562242492
7 9.9 143.3683278908661
8 10.1 190.4687643055514
9 10.3 243.5041352580344
10 10.5 310.42115543076847
11 10.7 383.2938627277448
12 10.9 468.40479750968984
13 11.1 553.8935514389466
14 11.3 650.2996917630542
15 11.5 754.8506118961146
16 11.7 865.2055421613212
17 11.9 975.5497909482091
18 12.1 1088.4704123050644
19 12.3 1218.529618213446
20 12.5 1369.4476149784844
21 12.7 1517.4364452040165
22 12.9 1672.9291665395078
23 13.1 1846.1848811304076
24 13.3 2024.908902249217
25 13.5 2215.5803094576863
26 13.7 2426.5492721335477
27 13.9 2650.535599841308
28 14.1 2878.174077578056
29 14.3 3124.6613971373627
30 14.5 3400.1245155186602
