0 8.5 -109.06704916531878
1 8.7 -113.75133518478962
2 8.9 -109.54618976409206
3 9.1 -111.01687673574033
4 9.3 -110.50325022125948
5 9.5 -105.07644886623743
6 9.7 -83.79833368938269
7 9.9 -44.536881618701585
8 10.1 4.158146916104623
9 10.3 61.44810327463582
10 10.5 125.78997161778624
11 10.7 198.1850642414621
12 10.9 285.43290505691715
13 11.1 384.4068727683344
14 11.3 479.8272652363663
15 11.5 581.4667195654166
16 11.7 693.1537827692497
17 11.9 801.0345774712332
18 12.1 914.0818506424139
19 12.3 1044.9540696432387
20 12.5 1170.5282753990296
21 12.7 1321.6345713675369
22 12.9 1488.0944242683179
23 13.1 1650.2011169774482
24 13.3 1828.9223914304025
25 13.5 2027.4385814996795
26 13.7 2230.828577532275
27 13.9 2448.4325693533146
28 14.1 2687.010711996826
29 14.3 2922.2168645283364
30 14.5 3193.670461134677
