0 8.5 18.73592333750415
1 8.7 21.981261635181674
2 8.9 19.20010986663408
3 9.1 18.55220191045867
4 9.3 17.84020508438369
5 9.5 29.19431134983366
6 9.7 57.75139622180829
7 9.9 96.34815515610217
8 10.1 145.69444868312655
9 10.3 205.92455824457485
10 10.5 273.5511337626272
11 10.7 351.17160557878316
12 10.9 445.1625110629593
13 11.1 535.2690206610304
14 11.3 640.052797021393
15 11.5 741.4670247505119
16 11.7 856.9817194128236
17 11.9 965.8220160527358
18 12.1 1085.3108310190132
19 12.3 1206.8617816705835
20 12.5 1349.714651936397
21 12.7 1500.245674001282
22 12.9 1664.3873409222715
23 13.1 1825.8854945524458
24 13.3 2010.863063447981
25 13.5 2205.8586382641083
26 13.7 2412.0221564378803
27 13.9 2624.821619312112
28 14.1 2852.8974272896508
29 14.3 3087.705618457593
30 14.5 3364.6855067598462
