0 8.5 -112.56904812768946
1 8.7 -111.48045289468088
2 8.9 -113.22458571123404
3 9.1 -111.58330027161487
4 9.3 -112.09784234138027
5 9.5 -106.16199224829842
6 9.7 -81.931516464736
7 9.9 -44.72609637745285
8 10.1 4.560075685903501
9 10.3 57.17978453932284
10 10.5 130.21546067690088
11 10.7 206.51295510727195
12 10.9 291.9077120273449
13 11.1 389.07620471816193
14 11.3 494.3284401989813
15 11.5 596.1256752220227
16 11.7 713.2627338480809
17 11.9 823.4769737845987
18 12.1 943.9307840205109
19 12.3 1070.284432508316
20 12.5 1211.6730246894754
21 12.7 1361.3122959074674
22 12.9 1511.643116550189
23 13.1 1676.3603625598912
24 13.3 1866.6603595080435
25 13.5 2057.0766319772956
26 13.7 2263.69609668264
27 13.9 2491.2347788934
28 14.1 2707.1736808374276
29 14.3 2967.3360393078365
30 14.5 3233.9259010589876
