0 8.5 16.252021851252785
1 8.7 16.584978789635915
2 8.9 17.43095187231055
3 9.1 17.09250160222174
4 9.3 14.217352824488048
5 9.5 33.04269539475693
6 9.7 66.56575212866599
7 9.9 104.6595660267951
8 10.1 159.25534836878586
9 10.3 216.76900540177564
10 10.5 287.4520096438491
11 10.7 373.57951597644006
12 10.9 465.91448713644843
13 11.1 561.3357951597642
14 11.3 665.865962706381
15 11.5 775.5824457533487
16 11.7 883.9844965971843
17 11.9 1001.4316232795186
18 12.1 1120.2246162297447
19 12.3 1250.6836146122603
20 12.5 1394.2844935453327
21 12.7 1542.1256141850017
22 12.9 1704.2493972594352
23 13.1 1863.1757560960727
24 13.3 2043.280434583575
25 13.5 2238.9938047425767
26 13.7 2439.5446638386197
27 13.9 2659.0267647328133
28 14.1 2884.055299539175
29 14.3 3123.273720511489
30 14.5 3384.684286019471
