0 8.5 56.259956663716274
1 8.7 52.92245246742135
2 8.9 53.254799035614894
3 9.1 54.10351878414233
4 9.3 56.49098178044967
5 9.5 63.910336619159466
6 9.7 92.39265114291821
7 9.9 132.7018036439102
8 10.1 183.5874507889036
9 10.3 240.6274605548269
10 10.5 304.67574083681706
11 10.7 385.8699301126136
12 10.9 474.24481948301684
13 11.1 563.0234687337861
14 11.3 662.7768791772194
15 11.5 766.2715536973163
16 11.7 878.6123233741248
17 11.9 984.3449201940957
18 12.1 1107.9955442976166
19 12.3 1226.2395092623678
20 12.5 1366.526688436534
21 12.7 1518.8045899838269
22 12.9 1677.231055635243
23 13.1 1833.5923337504182
24 13.3 2011.4432203131169
25 13.5 2205.2797021393444
26 13.7 2412.0160527359876
27 13.9 2624.2817468794815
28 14.1 2855.262306588944
29 14.3 3100.9686574907664
30 14.5 3353.2291634876547
