0 8.5 -110.34760582293164
1 8.7 -112.83333841975166
2 8.9 -106.3664662617877
3 9.1 -111.49571214941885
4 9.3 -108.68678853724785
5 9.5 -105.81499679555658
6 9.7 -80.8893093661308
7 9.9 -41.028473769341
8 10.1 7.633899960325931
9 10.3 58.72035889767122
10 10.5 126.37195959349353
11 10.7 203.86303292947127
12 10.9 285.5900753807185
13 11.1 380.46082949308845
14 11.3 481.8100527970223
15 11.5 578.5772270882285
16 11.7 690.8630634479811
17 11.9 798.5778374584152
18 12.1 915.1680043946643
19 12.3 1040.4043702505548
20 12.5 1176.765953550828
21 12.7 1329.1720328379179
22 12.9 1496.18457594531
23 13.1 1665.3010650959832
24 13.3 1846.6582232123792
25 13.5 2039.5852534562248
26 13.7 2245.4133732108517
27 13.9 2462.485732596823
28 14.1 2703.6216315195193
29 14.3 2943.895077364415
30 14.5 3224.2362743003573
