0 8.5 53.24411755729827
1 8.7 51.46214178899477
2 8.9 52.361217078157644
3 9.1 55.098727378154635
4 9.3 55.40025025177741
5 9.5 52.510452589495294
6 9.7 68.36542863246574
7 9.9 98.84945219275482
8 10.1 145.53270058290383
9 10.3 190.9308145390177
10 10.5 255.618152409437
11 10.7 322.3822748496954
12 10.9 408.3007293923764
13 11.1 498.89553514206347
14 11.3 596.8770409253219
15 11.5 696.664632099367
16 11.7 810.5145420697615
17 11.9 928.0529190954278
18 12.1 1045.2977080599394
19 12.3 1169.9890133365893
20 12.5 1293.7256996368326
21 12.7 1444.678792687765
22 12.9 1606.047242652669
23 13.1 1775.550401318398
24 13.3 1943.4107486190367
25 13.5 2134.555803094581
26 13.7 2338.105716116829
27 13.9 2556.3209936826725
28 14.1 2791.340678121283
29 14.3 3028.937040314953
30 14.5 3297.6836451307695
