0 8.5 59.622180852686945
1 8.7 57.601245155186334
2 8.9 57.507858516189984
3 9.1 56.113162633136795
4 9.3 60.235297708059846
5 9.5 56.510513626514204
6 9.7 76.12903225806465
7 9.9 112.39265114291806
8 10.1 150.3958250679037
9 10.3 201.1807611316261
10 10.5 269.08291879024705
11 10.7 343.6313974425484
12 10.9 429.12198248237564
13 11.1 523.4107486190373
14 11.3 615.7249671926039
15 11.5 723.7656788842424
16 11.7 830.9070101016279
17 11.9 941.5765861995317
18 12.1 1063.8673055208026
19 12.3 1193.154698324534
20 12.5 1323.3225501266527
21 12.7 1475.154576250495
22 12.9 1637.8252510147424
23 13.1 1796.9866023743368
24 13.3 1973.3896908474997
25 13.5 2171.322977385784
26 13.7 2377.7495651112376
27 13.9 2596.644489883116
28 14.1 2820.004272591327
29 14.3 3068.8570818201215
30 14.5 3347.1959593493443
