0 9.0 1.9537949766533238
1 9.25 0.9912411877804068
2 9.5 25.235145115512392
3 9.75 58.99777214880824
4 10.0 114.57899716177873
5 10.25 188.80977813043572
6 10.5 274.221930600909
7 10.75 381.4065981017484
8 11.0 489.0896328623311
9 11.25 604.0528580584122
10 11.5 738.540299691764
11 11.75 870.3613391521936
12 12.0 1011.7789239173588
13 12.25 1165.1219214453563
14 12.5 1489.797357097077
15 12.75 1521.4447462385951
16 13.0 1721.6077150791953
17 13.25 1949.4637897885063
18 13.5 2182.5742362742985
19 13.75 2447.8264717551187
20 14.0 2721.385540330212
21 14.25 3015.7676931058627
22 14.5 3348.9489425336474
