#y  z  moyenne(N) 
0.0 0 0
0.0 0.15 -0.052
0.0 0.3 0.289
0.0 0.45 0.743
0.0 0.6 1.208
0.0 0.75 1.636
1.32 0 0
1.32 0.15 -0.057
1.32 0.3 0.169
1.32 0.45 0.646
1.32 0.6 1.135
1.32 0.75 1.534
2.641 0 0
2.641 0.15 -0.123
2.641 0.3 0.133
2.641 0.45 0.423
2.641 0.6 0.816
2.641 0.75 1.26
3.961 0 0
3.961 0.15 0.032
3.961 0.3 0.119
3.961 0.45 0.504
3.961 0.6 0.724
3.961 0.75 1.07
5.282 0 0
5.282 0.15 0.017
5.282 0.3 -0.01
5.282 0.45 0.236
5.282 0.6 0.418
5.282 0.75 0.685
-1.32 0 0
-1.32 0.15 0.028
-1.32 0.3 0.394
-1.32 0.45 0.787
-1.32 0.6 1.212
-1.32 0.75 1.579
-2.641 0 0
-2.641 0.15 -0.053
-2.641 0.3 0.322
-2.641 0.45 0.711
-2.641 0.6 1.113
-2.641 0.75 1.477
-3.961 0 0
-3.961 0.15 0.022
-3.961 0.3 0.305
-3.961 0.45 0.589
-3.961 0.6 0.821
-3.961 0.75 1.195
-5.282 0 0
-5.282 0.15 0.046
-5.282 0.3 0.178
-5.282 0.45 0.424
-5.282 0.6 0.652
-5.282 0.75 0.861
