0 9.0 -0.23395489364298605
1 9.25 0.05206457716606572
2 9.5 0.053590502639860205
3 9.75 4.152104251228395
4 10.0 9.829401532029259
5 10.25 16.923673207800594
6 10.5 26.179204687643196
7 10.75 35.998107852412616
8 11.0 47.40708639790039
9 11.25 60.935575426495966
10 11.5 75.01413006988709
11 11.75 90.0756248664816
12 12.0 104.98702963347284
13 12.25 122.83376567888406
14 12.5 140.95376445814438
15 12.75 160.88308359019717
16 13.0 182.87905514694674
17 13.25 206.9418622394489
18 13.5 232.740562150944
19 13.75 259.90429395428373
20 14.0 288.7638782921829
21 14.25 320.2491531113624
