0 0 59.91271706289848
0.2 1.667 57.843
0.2 3.333 77.682
0.2 5.0 98.214
0.2 6.667 118.409
0.4 1.667 64.026
0.4 3.333 90.517
0.4 5.0 117.33
0.4 6.667 142.357
0.6 1.667 68.878
0.6 3.333 100.905
0.6 5.0 128.853
0.6 6.667 158.535
0.8 1.667 69.872
0.8 3.333 103.91
0.8 5.0 135.069
0.8 6.667 165.484
1.0 1.667 68.206
1.0 3.333 100.471
1.0 5.0 129.956
1.0 6.667 161.155
1.2 1.667 62.005
1.2 3.333 90.88
1.2 5.0 117.54
1.2 6.667 146.493
1.4 1.667 58.719
1.4 3.333 76.19
1.4 5.0 97.827
1.4 6.667 117.912
1.6 1.667 57.889
1.6 3.333 61.063
1.6 5.0 76.727
1.6 6.667 90.215
