2 0.00024337678282895068 -0.007204002327290054 0.07436242047490635 
2 0.000259157234217011 -0.007490447693173786 0.07519398117279857 
2 0.00027375020657303587 -0.007744680737010545 0.07604431565971304 
2 0.0002598566333441966 -0.0074730071130191655 0.07507395026988932 
2 0.00014710589575317497 -0.005359406890436809 0.06982222962041228 
2 2.3500017645857217e-05 -0.002998057648088496 0.06330209101903617 
2 -9.220265232494906e-05 -0.0007956959670048829 0.0581461358820992 
2 -0.00023124635424279414 0.0018441239428386431 0.051011110361384344 
2 -0.00035485635271936106 0.004210847308264304 0.04502705743115934 
2 -0.0004864638766428919 0.0067318516542573285 0.03828064752532809 
2 -0.0006059544879797118 0.008972839141046626 0.033291787358413975 
2 -0.0007228861178842752 0.011152003833395709 0.028532590765028194 
2 -0.0008490594904709579 0.013518826017641046 0.022848467693442388 
2 -0.0009659770507314348 0.01573197838131919 0.017796924159522845 
2 -0.0010790244707622827 0.017854791367004855 0.013074667413361017 
2 -0.0011771168140138743 0.019685780633823424 0.009784129761063623 
2 -0.001274537342103281 0.021493097229809112 0.006681006491427158 
2 -0.0013705142363945634 0.023263389157429322 0.00372514199564904 
2 -0.0014581009836385924 0.02484785035468202 0.001763721599011931 
2 -0.0015576151224778202 0.026662886385036933 -0.0014456556222363296 
