5 0.00037380427173598765 -0.009995462350933812 0.08821620844697925 
5 0.00036385570163950486 -0.009633150427093083 0.08509612230686647 
5 0.00033864159540010025 -0.00948548081525934 0.08737041036227222 
5 0.00028725131758966917 -0.009576432504130787 0.09735547650092476 
5 0.00021887574455984444 -0.009329393450980683 0.10560729845172478 
5 0.0001530680928575523 -0.009142730687345228 0.11419132866752764 
5 9.541194806593634e-05 -0.009095743056705538 0.12336730030694577 
5 2.5675866347487477e-05 -0.008818713342548395 0.1314140484685792 
5 -4.146208829364136e-05 -0.008576047921209064 0.1394834347187131 
5 -9.804430493104688e-05 -0.00847237946535821 0.14780061606390005 
5 -0.00015953872963044366 -0.008265744365531142 0.15544396014514034 
5 -0.00022676699970802572 -0.007938903979709038 0.16250772378278971 
5 -0.000288483153901197 -0.0076961835839468844 0.16968116002882166 
5 -0.00035406308457645446 -0.007336433805717087 0.17593657923922698 
5 -0.0004004867122989389 -0.00730012873692655 0.1834595209914862 
5 -0.0004524208431180124 -0.007136895180002597 0.19014351437197188 
5 -0.0005100628582700088 -0.006858697602489056 0.19613355287855472 
5 -0.000562253998042942 -0.006648922610863884 0.2023660495737601 
5 -0.0006155982454093717 -0.006384884226092837 0.20803042527030877 
5 -0.0006659807750576907 -0.006172388471443503 0.21389213672046478 
