7 0.0003140435218457946 -0.008084370732164694 0.07571525426793438 
7 0.00032269692335527893 -0.008316353216239808 0.07693050549503463 
7 0.0003966273148090819 -0.010440760120674044 0.09111538391285735 
7 0.0004950013026498015 -0.01328341571223505 0.11088332752925953 
7 0.0005984438065353428 -0.016250709531002373 0.13102797019601425 
7 0.0007071053932433815 -0.01935424267333644 0.15216650940267282 
7 0.0008054691612461575 -0.022222260865663958 0.1719398754938521 
7 0.000899748682406018 -0.024973855673604294 0.19054194836987143 
7 0.0009847305398354507 -0.027560114048851 0.20864008671773338 
7 0.0010639964088767445 -0.029990433641260472 0.22576976105132612 
7 0.0011380757579969448 -0.032335735592871756 0.24259840426427262 
7 0.0012072495300831582 -0.034548178271672836 0.2584980969055548 
7 0.0012707422874978613 -0.03665437855372486 0.2738033119827403 
7 0.001337054196209999 -0.03877165909852029 0.28905237646883214 
7 0.0013945698855707888 -0.040681229952435886 0.30280813857138666 
7 0.001458448549413107 -0.04269645742313451 0.3169937508528691 
7 0.0015032961612903518 -0.04431912040388816 0.32916761493363106 
7 0.0015480201181572433 -0.04592954347448718 0.341334803227847 
7 0.001602094364513823 -0.04769726604885863 0.35409016472034144 
7 0.0016368361325170677 -0.04908093299791563 0.3648139691542124 
