4 0.00031935734955745973 -0.008974296339263905 0.08395191273632929 
4 0.00032201502372774615 -0.008865085550282472 0.08193620366285231 
4 0.000326877418749419 -0.00892028454683514 0.08199937429130238 
4 0.00020537574254575578 -0.007256953136021002 0.08162257580169484 
4 6.980928221317374e-05 -0.005477158583503143 0.0822044314253337 
4 -7.449474310085412e-05 -0.0035343702200468525 0.0817209901055109 
4 -0.00019967513760042 -0.0019568188984679115 0.08313526902506974 
4 -0.0003232946495762842 -0.0004352791865167162 0.08508138272677897 
4 -0.00044750024077379113 0.0011397791255938225 0.0864502264849516 
4 -0.0005702730632619607 0.002703215666799041 0.0876710409482279 
4 -0.0006930841086019602 0.004299331233179712 0.0885925437954983 
4 -0.0008146433883111101 0.005871871624270545 0.08959401851425502 
4 -0.0009358890551869293 0.007495518252789283 0.08991432297625793 
4 -0.00104979764725659 0.00895258958048553 0.09134526640417026 
4 -0.0011584094033757117 0.010368005950311327 0.09240002083332959 
4 -0.0012680350496465892 0.011784548997214797 0.09357577679204483 
4 -0.0013645566733026704 0.013020143520736407 0.09510524292913383 
4 -0.0014654616220809505 0.014348914414530671 0.09604316193217766 
4 -0.001553457045888873 0.015464859198442177 0.09763137355465665 
4 -0.0016329461322062019 0.016425290414235103 0.0997042487065096 
