8 0.0003935108636650055 -0.010246904548643573 0.08863363197321283 
8 0.0003878752499436867 -0.010047188543304665 0.08727723652003952 
8 0.0004920124015101573 -0.012401179862493655 0.09913195026208309 
8 0.000662581886968561 -0.016277437106824617 0.11929029544455871 
8 0.0008147388489302346 -0.01984190072167593 0.13815185485905 
8 0.0009674303995693965 -0.023428437079569348 0.15738783692707795 
8 0.0011143800479907805 -0.026935080117543815 0.17647133161824907 
8 0.0012505238285361153 -0.03019673310635961 0.19396966058067003 
8 0.0013876876552697366 -0.033517010433359036 0.2122029349562098 
8 0.001508814969960496 -0.036500942800271594 0.22855526804779222 
8 0.0016316931740157307 -0.039482595135953355 0.24464973844335663 
8 0.0017424667503880996 -0.042262943636948415 0.26011322301528506 
8 0.001838718358280595 -0.044763123818058644 0.274464498043348 
8 0.0019312168510586206 -0.04722466069975291 0.2888853061240812 
8 0.0020168873525874573 -0.04952055158754238 0.3023632478612786 
8 0.0021001983613815867 -0.05175155573407941 0.3154665713243113 
8 0.0021931464188227868 -0.05419835055966592 0.32979763370158144 
8 0.002254457899124867 -0.056000421346779655 0.3406491041416454 
8 0.0023253917097837483 -0.057935880689920075 0.3519641231054746 
8 0.002393270982923342 -0.05983960187442009 0.36332965473942264 
