3 0.0002593091163727138 -0.00780310245187055 0.0793638078361443 
3 0.0002801585017084631 -0.00810468870620708 0.07975738708364814 
3 0.0002879304987548402 -0.008221947961872467 0.0800474453942956 
3 0.00021134056019633674 -0.006911958037436511 0.07693217841569573 
3 4.945789638130371e-05 -0.004150263325838712 0.07060892239644476 
3 -0.00010995440950447641 -0.0014484371755034517 0.06478555300444154 
3 -0.00027458749241869606 0.0013415118659854122 0.058645785831500694 
3 -0.00042827106763010896 0.003910311606780349 0.05367507696455689 
3 -0.0005815442677898303 0.006467614639979387 0.0487027919477038 
3 -0.0007225780107061544 0.008829860129253752 0.044377010476767176 
3 -0.0008722323412896565 0.011333362919883216 0.03947650346339932 
3 -0.0010122603397394812 0.013664963485155533 0.03535146736362 
3 -0.0011351524759832682 0.015657251965297086 0.0329095740065711 
3 -0.0012624227243568792 0.017741604700954313 0.02979608989395836 
3 -0.0013799639105348653 0.019658032715744046 0.0273410484189274 
3 -0.001494803584855985 0.021472409194041246 0.025795862873883153 
3 -0.0016129173256649795 0.02337363575206972 0.023424924231906993 
3 -0.0017159916656573288 0.02498069622043833 0.022448131463502365 
3 -0.001822648564240813 0.026683121101641546 0.02061554612909334 
3 -0.0019172777658695587 0.02815459669641927 0.01993703613076561 
