0 0.00027456239321448577 -0.007466194980302138 0.07467958339980525 
0 0.0002819032125925971 -0.0076406625579486225 0.07510686965819154 
0 0.0002852212032942001 -0.007737908665059845 0.07546026547582912 
0 0.0002871179388991618 -0.007793187851304701 0.0756746346832463 
0 0.00030158745585351913 -0.00793207162949073 0.07684740890409354 
0 0.00030882734534711355 -0.007560575627569234 0.07562274053113392 
0 0.00032102761180665323 -0.0072465946139717964 0.07524389661460955 
0 0.00033162491384703335 -0.006864117301218097 0.0744263705054443 
0 0.0003429340562906261 -0.006527070367182565 0.0741274333522325 
0 0.00035647328810945546 -0.006189341217980077 0.07355991690339471 
0 0.0003589011104626988 -0.005680788032821387 0.07242664246815833 
0 0.00036340880098585654 -0.005194588964021457 0.0713458989049292 
0 0.0003624754187876161 -0.004627001153402748 0.07007168727611884 
0 0.0003657391339381204 -0.004143833003615606 0.06932200814370386 
0 0.0003648601609918812 -0.0036176553249050707 0.06854504955620012 
0 0.00036312602478435563 -0.0031051636787911042 0.06806615486514472 
0 0.0003545247092947659 -0.0024249550673322096 0.06630108942249811 
0 0.00034989307041412927 -0.001870330224380995 0.06569339093353048 
0 0.0003425235374125752 -0.0012533381686523665 0.06446752416484736 
0 0.00033226201327223503 -0.00063691003442775 0.06368634998620795 
