6 0.0003711136997023989 -0.009627475028940504 0.08465194616606142 
6 0.00036678435143358627 -0.009521600787893316 0.08392340300801039 
6 0.00036334005004357695 -0.009762578011167205 0.08741784963976991 
6 0.0003948293705564172 -0.011520429560074355 0.10487549764698102 
6 0.0004318609912308336 -0.013410480011967837 0.12319723990309518 
6 0.0004526828125304034 -0.014981864211588461 0.13985374067948622 
6 0.00047340069509689276 -0.016545790691089968 0.15637239508329495 
6 0.00048589788003179575 -0.017843309568327713 0.1706838197871228 
6 0.0004944132931450664 -0.01910955703826044 0.18536065917984018 
6 0.0004981561358472722 -0.020178605083744427 0.1981965913246631 
6 0.0004964390709823095 -0.021131393598740406 0.21043437303699378 
6 0.0004986162530151731 -0.02211366722387448 0.22241790793861324 
6 0.0005066011673480914 -0.023199915264555466 0.23480736356439552 
6 0.0005071989560413453 -0.024159831045665166 0.24676940409429676 
6 0.000505029312286293 -0.025020754952754524 0.25786422978888973 
6 0.0005026699094048226 -0.025861076177522594 0.268694716144969 
6 0.0005082159512997207 -0.026801897993608735 0.2796471092504504 
6 0.0005023262490718425 -0.02749925094918101 0.28904304776427003 
6 0.0005158094357833498 -0.028559689157128806 0.30029422779117576 
6 0.0005202232628077485 -0.029428267044689985 0.31037067417727787 
