5 0.00036788111118935365 -0.009910024189625716 0.08817907593816568 
5 0.0003576672845590048 -0.009542067048560669 0.0850095662996866 
5 0.0003319073628009129 -0.009380436956125003 0.08720843395360063 
5 0.00027954166724367363 -0.009449005313576515 0.09713031178308663 
5 0.0002100676846170111 -0.009177224295423092 0.10530465659727446 
5 0.00014279260429063737 -0.008954053547393514 0.11371311685602904 
5 8.457059971816604e-05 -0.008893105348743527 0.12287515266350714 
5 1.3203282172018838e-05 -0.008577450684337096 0.1307406844492604 
5 -5.4111270515733834e-05 -0.008327517438534304 0.1388265520271942 
5 -0.00011155676322566386 -0.00820032683034871 0.14704263151525152 
5 -0.0001745705154427458 -0.007959449521375799 0.1545381138185692 
5 -0.0002421532374382665 -0.007617767162302663 0.16153954861763886 
5 -0.0003047251918254916 -0.00735332365744146 0.16863048398692412 
5 -0.0003705904117530086 -0.006982191205283476 0.17485289457886669 
5 -0.0004173142047411563 -0.006935597873045997 0.18235541848451894 
5 -0.00046884617310985764 -0.0067735871407973635 0.18906691244997417 
5 -0.0005276201207846427 -0.006470816222859443 0.19496707018024728 
5 -0.0005793133471130647 -0.006263534597174236 0.20122663566913992 
5 -0.0006327024029892925 -0.005993427272430806 0.20688129789471296 
5 -0.000683339063581255 -0.005772624591387441 0.21273332297921121 
