9 0.0004392428941712227 -0.011058013211974206 0.09109617506363007 
9 0.0004163943535429917 -0.010525965320511473 0.08811079144531064 
9 0.0005597267003734024 -0.01349452701360096 0.10090762925221342 
9 0.0007205775839608893 -0.01681316739963648 0.11405485160941028 
9 0.0008822584744226614 -0.020135466540569417 0.12732014296836985 
9 0.0010363352852589178 -0.023323940114575024 0.13993931116592656 
9 0.0011755966625795339 -0.02626085838246769 0.15137835040396938 
9 0.001316913233307234 -0.02918447353542694 0.16238448985540624 
9 0.0014502949692978577 -0.032019559623047755 0.1735087237119294 
9 0.0015811882343810587 -0.034786120877938004 0.18427299282024956 
9 0.0017017209026141426 -0.03738481611733284 0.19443400706084413 
9 0.0018239633802173665 -0.04001820957945983 0.20500423761383615 
9 0.001946134222889299 -0.0426835144674168 0.21596406305829363 
9 0.0020582283669569826 -0.04519952223156467 0.22668583738535156 
9 0.0021615442272326945 -0.04751790707175643 0.2362595445449919 
9 0.002255474368038781 -0.04966506929120451 0.24518318772977726 
9 0.0023539854225940546 -0.05191164764528266 0.2548105435473664 
9 0.0024481206148695474 -0.05410281444017976 0.2646073161576627 
9 0.002540301880022716 -0.05624669074744545 0.27417281291128714 
9 0.00262055829461345 -0.05815534779504409 0.2825090256636081 
