4 0.0003166148239906539 -0.009019740200353964 0.08556425195541655 
4 0.0003191745772097227 -0.008909863461284103 0.0835177256172628 
4 0.0003235970015707176 -0.00895908270203453 0.08355730398125887 
4 0.0002021330840189608 -0.007257789587947453 0.0828352714135299 
4 6.57487639818484e-05 -0.005418450445762915 0.08294844996828503 
4 -7.961374559993575e-05 -0.003410230277863271 0.08195547751604391 
4 -0.0002071712534943493 -0.001751239129425 0.08283911845116836 
4 -0.00033058069094111576 -0.00019171984927770553 0.08445643233957069 
4 -0.0004570250631576007 0.0014617266850251182 0.08531093273287378 
4 -0.0005798307030486219 0.0030657917791952396 0.08618992770456566 
4 -0.0007027400322743205 0.0047035101286554675 0.08675916972491296 
4 -0.0008248568683052182 0.00632465704610344 0.08738261262979118 
4 -0.0009456653803365951 0.007979393610269519 0.08739776270545864 
4 -0.001059866337736608 0.00947787723117928 0.08849910599643397 
4 -0.0011689603426957179 0.010938839559082583 0.08918425274595823 
4 -0.0012786075587180204 0.012390290219288329 0.0900667982801884 
4 -0.0013744595207397271 0.013648065027691347 0.09135399315455708 
4 -0.001474317395182169 0.014990704354748112 0.09210157455092768 
4 -0.0015616302835061847 0.01612199557087649 0.09352399326767036 
4 -0.0016416080992759949 0.017117236101853697 0.0953433398834431 
