1 0.00025616042335407387 -0.007303668000001253 0.07495600981814639 
1 0.00026743739504483987 -0.00755134558223253 0.0757238004366278 
1 0.00027892358677415236 -0.007761655664750997 0.07644567845408044 
1 0.00027780798597496517 -0.007732750098801015 0.07604628876189878 
1 0.00024873412364315346 -0.0069875324364152575 0.07414033174003534 
1 0.00019159845622876775 -0.00550425122378559 0.06957102633116101 
1 0.00014035142917950981 -0.0041256569498651415 0.06506576424054376 
1 8.71730027226402e-05 -0.0027408875142996675 0.06133155945947351 
1 2.3493996003462452e-05 -0.001163183934551992 0.05685542398237187 
1 -4.203302872532896e-05 0.0004975987120482623 0.05160932383224702 
1 -0.0001068884840792173 0.002080320754616427 0.04734557683625708 
1 -0.00017128711447158103 0.003636522311772321 0.0431904517601832 
1 -0.00024182324706944588 0.005306157664698387 0.03867089044363053 
1 -0.00030336451614406816 0.006778975013996766 0.035314696993917635 
1 -0.000372348499629006 0.008385323604272228 0.031319393305363714 
1 -0.0004421606522146501 0.010012652521343684 0.02715817728854369 
1 -0.0005196950571489957 0.01173769200984807 0.02270380866788139 
1 -0.0005790403132616879 0.0131098936951537 0.020016709906857742 
1 -0.0006539818484372102 0.014732495665361832 0.01621225905568999 
1 -0.0007215319746933177 0.016212000243641108 0.01324068369631818 
