2 0.0002415584987460386 -0.007240100644918979 0.07565367383302168 
2 0.000257533901434862 -0.0075340581097459525 0.07655101195167588 
2 0.0002719994216272078 -0.007790619458761986 0.07744358375520366 
2 0.00025786583191820926 -0.007510809595437311 0.07640093404531711 
2 0.00014763177785739537 -0.005405528112570448 0.0709126983189291 
2 2.654953470779149e-05 -0.0030467502504633462 0.06407215772769027 
2 -8.699969857507231e-05 -0.0008427802309448096 0.058595730254012775 
2 -0.00022353980144511557 0.00179992121924327 0.051076644505172644 
2 -0.00034384695363439555 0.004150745058722764 0.044833017140742816 
2 -0.0004736344707013144 0.006683210498772447 0.03768295802833798 
2 -0.0005895140626173216 0.008902245931198467 0.03247968085694808 
2 -0.0007042464894198813 0.0110817467040997 0.02742033255301809 
2 -0.0008272486776963672 0.013435496982613312 0.021469803862150492 
2 -0.0009421881772006163 0.015652776727735556 0.0160926851549251 
2 -0.0010519663488822713 0.017756196355818193 0.011170035066323558 
2 -0.0011479172108404476 0.019585127339434256 0.007615483564415719 
2 -0.0012423670648544869 0.021372782318818992 0.004361052706141322 
2 -0.0013357693103792242 0.02312955681017536 0.001232475645907236 
2 -0.001421152459073807 0.02470745116155568 -0.000933346510233824 
2 -0.0015179805176791072 0.026507934515945138 -0.004312603940503079 
