10 0.0004673449646050333 -0.01139474169252615 0.0902208783314071 
10 0.00047340021662506523 -0.011484694986101841 0.08994188730420329 
10 0.0005709676268116218 -0.013144551524750827 0.09149461106145215 
10 0.0006815116176355585 -0.015091965409381314 0.09435774247286942 
10 0.0007709495216124479 -0.01661483177499659 0.09447712307202646 
10 0.0008674004741271047 -0.018299015686103426 0.09581088616294481 
10 0.0009753060821598078 -0.020229612295962093 0.09844140278888519 
10 0.0010694444887914501 -0.021891824146023278 0.0997302613663657 
10 0.0011682546134869506 -0.023702577269212752 0.10232192803197583 
10 0.0012751981410394479 -0.02570738791388483 0.10646406763161526 
10 0.0013731200571962406 -0.027594326457975167 0.11036199147528716 
10 0.0014680801247637298 -0.029429678897548276 0.11399485967223866 
10 0.0015640750510646521 -0.031271699866470985 0.11766236676093175 
10 0.0016570503776279612 -0.033071446892689794 0.12120796655430947 
10 0.001743762885694604 -0.03478883933730843 0.12482784774835966 
10 0.0018397305504750056 -0.0366618180728473 0.12907378489450946 
10 0.0019215949369013501 -0.038272761211795556 0.13203615876167188 
10 0.0020070409402538876 -0.04001627985602875 0.13640032419822135 
10 0.002089048944931415 -0.04167334284664849 0.14029137539827038 
10 0.0021659832785558544 -0.04326671991606432 0.14415970465395989 
