0 9.0 0.5597094637898152
1 9.2 1.2277596362194068
2 9.4 17.256691183202612
3 9.6 74.05499435407589
4 9.8 83.91308328501238
5 10.0 136.79921872615768
6 10.2 189.9606311227755
7 10.4 257.45994445631317
8 10.6 337.31559190649125
9 10.8 421.5561387981803
10 11.0 511.79754020813584
11 11.2 609.189733573413
12 11.4 712.2327341532656
13 11.6 857.3451948606846
14 11.8 936.0158085879104
15 12.0 1056.1134678182323
16 12.2 1225.850703451641
17 12.4 1430.9735404522844
18 12.6 1451.6849269081688
19 12.8 1607.9815057832584
20 13.0 1761.7200231940685
21 13.2 1937.4907681508823
22 13.4 2127.597277748953
23 13.600000000000001 2330.9720145268093
24 13.8 2558.043763542587
25 14.0 2841.6711935789062
26 14.2 3017.382732627344
27 14.4 3287.9290139469563
