0 8.5 15.761284218878748
1 8.7 11.835993530075987
2 8.9 12.864467299417083
3 9.1 10.68178350169378
4 9.3 12.511368144779807
5 9.5 21.292458876308483
6 9.7 46.891689809869476
7 9.9 89.67680898464921
8 10.1 140.08514664143823
9 10.3 198.86104922635562
10 10.5 270.76570940275315
11 10.7 344.1077913754694
12 10.9 430.49287392803654
13 11.1 526.4586321604052
14 11.3 630.9094515823846
15 11.5 734.9986266670737
16 11.7 840.5505539109473
17 11.9 961.5732291634904
18 12.1 1077.3717459639277
19 12.3 1223.3075960570077
20 12.5 1351.52684102908
21 12.7 1501.7392498550378
22 12.9 1667.0018616290783
23 13.1 1837.5102999969488
24 13.3 2011.7679372539474
25 13.5 2211.321451460313
26 13.7 2411.10538041322
27 13.9 2636.6890469069544
28 14.1 2879.642933439129
29 14.3 3120.8062990203507
30 14.5 3414.2298654133724
