Num_Anche force_constructeur K0 K1 x0 Delta_K K00 K01 x00 
1 3.0 1.2271433002797973 -0.021285853476524248 -0.17566896101706655 0.04117286338427689 -0.18578081419886325 0.003815267842512246 -2.3147658362853787 
2 3.0 1.238206116948444 -0.022093429053501458 -0.1423511322588774 0.04827753758978909 -0.21082628187860522 0.003962947919165209 -0.90940163600231 
3 3.0 1.2287395319043042 -0.021615358912280253 -0.1449928928192632 0.03851190769746221 -0.18077676155390923 0.0021588559410088306 -0.7938585254583523 
4 3.0 1.327924453222267 -0.02384808004449963 0.031391717997546996 -0.019076633715458646 -0.03868574909835541 0.00012692058803590237 -40.86592571413017 
5 3.0 1.2361602975149408 -0.022565640694435327 -0.06339000698876911 0.016472174715124466 -0.20689429175847837 0.00378828647062104 -1.012847600297078 
6 3.0 1.2383721301429462 -0.021843167980644083 -0.13439162621404116 0.04195735325168237 -0.22394099971948903 0.004090191235254583 -0.4359018786920083 
7 3.0 1.2547159416386369 -0.02222320903311158 -0.20972914649390034 0.07227875556822516 -0.2274841695638571 0.0029744494161103373 -0.47795880582198597 
8 3.0 1.186380204099107 -0.022280550707282253 0.16500946578739273 0.042985370789351496 -0.11347307803881507 0.0026347632336515053 1.5298437356794383 
9 3.0 1.3038596467132177 -0.02287042235460696 -0.1250846952878175 0.05589077289470218 -0.3144236188077696 0.005135292426773379 -0.6264305054020339 
10 3.0 1.251427887686451 -0.02156607465605497 -0.15300312005788025 0.06239229035490246 -0.22614955803258974 0.0027051585562766346 -0.40518711042399724 
11 3.0 1.2951758830598334 -0.022187430526202923 -0.2093092003993756 0.10606341253436347 -0.09928275791448077 0.0013151442879211763 -2.9736123327267325 
12 3.0 1.2117453826610498 -0.02264818167584555 -0.10233875584354646 0.02471255766443714 -0.12556384931425987 0.0021455088522626562 -1.3428765144406924 
13 3.0 1.1477072400681572 -0.02074396004407578 0.0789570554812135 -0.041718549574503994 -0.12374458029397746 0.002608577659154296 -0.9638428183662324 
14 3.0 1.3227344628791171 -0.023602227223560344 -0.1357905430785132 0.047423354631433046 -0.11233784557165137 0.0017976978058974317 -1.1577799169628964 
15 3.0 1.1204617795578744 -0.020500597856847186 -0.23193144684329928 0.07442867141575338 -0.21408962651663088 0.0036878321898327834 -0.20785255976811726 
16 3.0 1.1837977307894734 -0.020099811451225025 -0.3442740363752109 0.12992793127003738 -0.18468519361526872 0.003909227407600467 -0.37804113786472854 
17 3.0 1.3080081686628913 -0.022041705057811847 -0.33689008106042123 0.16423973327643826 -0.17652483014981868 0.0029347347477282158 -1.6364435333600222 
18 3.0 1.3340156931918359 -0.023930922603310548 0.0190050830480051 0.013741453478899546 -0.12049029588375856 0.0017139374556648123 -0.9554603170132887 
19 3.0 1.2747144197432483 -0.021317075815673818 -0.3271448986431351 0.11528550085760558 -0.14292942832457972 0.0026074720052891016 -1.8166705910637193 
20 3.0 1.20472181892162 -0.02190302967932938 -0.3436302801487688 0.1326971137580225 -0.16042681214376556 0.003204699709219644 -1.2320874657477627 
21 3.0 1.1958734985548285 -0.020367463116144624 -0.0032140659578926136 0.052048078129462105 -0.109286078183957 0.0012210756236897254 -0.7549847225801768 
22 3.0 1.163704040966297 -0.020389607824875502 0.004246037942710101 -0.018426521431963716 -0.1149824528016841 0.0019437832314710914 -0.19952800958997638 
23 3.0 1.3087583106570118 -0.02279308720851124 -0.10000060000013102 0.018839166411405872 -0.05296363998219671 0.0010095838583505268 -3.2146979906414153 
24 3.0 1.2753881893888286 -0.0228300328935917 -0.05638957491457244 0.04394141764990073 -0.05135533690900097 0.00032855413974891703 -6.837546867205224 
25 3.0 1.279761925092106 -0.022514652417843707 -0.058166203768185036 0.009917948042650837 -0.1938283539743809 0.0028858498589359087 -0.5911566511824318 
26 3.0 1.2367378781294287 -0.02236906568236358 -0.043151970277269885 0.05315474895686356 -0.13527114650098243 0.002786285492977598 -0.9982273706743514 
27 3.0 1.279840540041988 -0.023524714200786494 -0.16015246466434582 0.08040593598613283 -0.06525215296363161 -0.0005386679088469881 -2.2811883336033225 
28 3.0 1.2307138198725638 -0.021303260664422608 -0.2089694436626517 0.12217270629527383 -0.13564630615156054 0.0017002615187640326 -2.127497590347632 
29 3.0 1.2903576771634322 -0.021802830701881035 -0.009684650910570889 0.04214259518369318 -0.02457948205614978 -0.00011880525253739433 -5.109140816278421 
30 3.0 1.2833930596208345 -0.023784492618062335 0.033357075016435415 -0.019732919908320823 -0.17012368063503225 0.003210011720782398 -1.1505532644876475 
31 3.5 1.5141669142830358 -0.027431564250920238 -0.0013618742269493624 -0.00358656700429022 -0.105302448087692 0.0015019697831414086 -0.39572661651211927 
32 3.5 1.3824642909639093 -0.02441566469896231 -0.12151248379085032 0.051336809407930784 -0.15400105107304787 0.0015658860225414002 -0.6288595275697655 
33 3.5 1.2314993142088395 -0.021814708993164234 -0.22820358489476905 0.1156243188786461 -0.21842660336368544 0.0027856853765937193 -0.091039282591482 
34 3.5 1.1878152615942932 -0.0192319248570294 -0.3337224627113841 0.13449006410063147 -0.08241747549520334 -0.0004017203734547058 -3.1471963422371956 
35 3.5 1.3351449422263642 -0.023194057048433022 -0.23121969519746086 0.10078099251789419 -0.02915079127853731 -0.00026538384489363547 1.0378585857091422 
36 3.5 1.3145415457925527 -0.021950653361695733 -0.08043952121197027 0.014961071365589718 -0.10993432269112031 0.00035634694627581455 5.749542795435795 
37 3.5 1.3647812230079601 -0.022622903619639565 -0.19482728858941442 0.09165417512357205 -0.14377328614213578 0.001384311648379741 -0.22014096130802738 
38 3.5 1.3286407319922569 -0.023866321161929424 -0.026397024721542678 0.01004325636658776 -0.10763913929314997 0.0012029409273340969 0.085672690148824 
39 3.5 1.3507330339703283 -0.024138903562855852 0.11128775227687081 -0.016305810080601446 -0.1105928937697633 0.0008765617849122044 0.9008060879687354 
40 3.5 1.2342116944766646 -0.022578699304474592 0.03887968020156075 -0.03236056278658728 -0.25540392032389053 0.004006051372641455 -0.1937234085544139 
41 3.5 1.3913250251355092 -0.022888755176346202 -0.16333262339035284 0.08785579858161263 -0.13908824504288536 0.000807278803631877 0.7254529004157719 
42 3.5 1.4565909522948637 -0.025990796098348385 -0.04272787044214248 0.01535489731310552 -0.21184204257848066 0.0028575078916297323 0.8059928923375773 
43 3.5 1.2484929300798462 -0.022598385215588716 -0.23610430336272234 0.04389051744606781 -0.19068410604451647 0.002709287181697688 -0.6634057438486886 
44 3.5 1.3272598347587055 -0.02305737912993178 -0.2184064191482794 0.13543679668702047 0.020951185367684737 -0.0014039641631040046 -1.0183782293042585 
45 3.5 1.3951132974355283 -0.0240648293833547 -0.3008624285917462 0.10766137714896579 -0.15473956380823012 0.0018361869745167736 0.5383479078558765 
46 3.5 1.6307094924269172 -0.027177103770110386 -0.11899966411427083 0.03310925891951566 0.004604196428160167 -0.0017491260719349991 -0.4612530495514644 
47 3.5 1.4109801560527884 -0.024210990070793335 -0.08071531342306144 0.04613212462498001 -0.061894154282262664 -0.0003672931238083786 -1.221434523022974 
48 3.5 1.1017229801321131 -0.019543483690746124 -0.19118471805976578 0.047014912989929714 -0.2118759253906543 0.00345465830189235 -0.0704635817702901 
49 3.5 1.3172878467092102 -0.02288723633557882 -0.19667019411068182 0.03785859977158801 -0.1568862350012058 0.0014457140175523223 -0.3921571396991036 
50 3.5 1.255822279769605 -0.020950194969220674 0.04760194233953291 -0.017685575366758743 -0.07501912451737971 0.00043057020645523064 2.732248693786283 
51 3.5 1.5264413838067779 -0.027881824482695973 -0.16426324817890228 0.060665865099657434 0.018744064123464667 -0.002096134279778792 -0.19946161975022045 
52 3.5 1.3244026389155839 -0.02283610360915855 0.0913914173905889 0.01462424557882347 -0.136355872080282 0.0011209141820116117 0.898239873724091 
53 3.5 1.5413953716150683 -0.027725300095529246 -0.18100903927262918 0.07974855021739319 -0.22435238635955035 0.003409656736236955 0.005852693750030591 
54 3.5 1.3100154922853764 -0.023748007419282742 -0.07127237723102553 0.03581224574470415 -0.12506928217941185 0.0013750529465157797 0.23655848800880716 
55 3.5 1.5174347907092272 -0.02696378962403396 -0.22916056766044723 0.105327425018514 -0.03445777291887919 -0.0006529944819195226 -0.3563702170339318 
56 3.5 1.2791473298259766 -0.023337616399668817 -0.2636125521618651 0.08669027952911262 -0.11138885332271388 0.0010624798571501669 1.150958033293975 
57 3.5 1.438171211849833 -0.026746166604305708 -0.18856611944593565 0.13693186206507385 0.054064642283096605 -0.001913875268924349 1.1927853389729437 
58 3.5 1.4389876373607535 -0.027103266726032096 -0.15453735051012313 0.035132971543726965 -0.06168756992607548 7.131975846491328e-05 16.06092824791346 
59 3.5 1.3000683002323958 -0.022570286064778414 -0.1069769409647652 0.033833439440625446 -0.18809673933736168 0.002246199978870726 -0.12203097015826603 
60 3.5 1.3098289577625088 -0.023072325223951733 -0.02257433899751104 0.008833930569836446 -0.058275863234524265 -0.00038353607611659184 -0.3566893048016996 
61 2.5 1.1337371080352383 -0.020425941059630272 -0.3305530345205218 0.11329482854621914 -0.12585523678085614 0.0016544211081184008 -0.7547176382524726 
62 2.5 1.0778678731649594 -0.01983444726242974 -0.22608001660976332 0.09419221361576996 -0.1751930031521991 0.002776097650018335 -0.5728086233622842 
63 2.5 1.2244732181742426 -0.021564476570089173 -0.12845126818509953 0.06439201101042002 -0.07280984731244607 0.0009569680739886409 0.4646981683359418 
64 2.5 0.9741248641213248 -0.01660847004738618 -0.1541877465536593 0.0398845459092948 -0.0651456323524613 0.0007099703584594484 -2.7433803378077295 
65 2.5 1.0168726871246627 -0.017559710048400293 -0.34013657585977364 0.09399754760140455 -0.14991989260028235 0.002030865782114279 0.2946655405848944 
66 2.5 1.1443216651474872 -0.019433274549799998 -0.19886127524763483 0.068245237863019 -0.17155266223308893 0.0019100361452368054 -0.32599554505192907 
67 2.5 1.152854604460952 -0.02075915138342587 0.00398498279209321 -0.02625217827521964 -0.14693124398189952 0.002035259556960528 0.12263938334320111 
68 2.5 1.1148739552632272 -0.01957593945807716 -0.06026775129921792 0.020610874471999052 -0.05648632176757773 0.00040089067129988964 -1.8828163860159994 
69 2.5 1.0172025119865136 -0.017375851448805126 0.02631317640316845 0.00341313804297555 -0.1310978536469121 0.0015271844215279313 0.39325073842545166 
70 2.5 1.0545051395496359 -0.020179643404370923 -0.11234874007227683 0.06954209049692572 -0.20549655881407194 0.003634535746235132 -0.12205407471214087 
71 2.5 0.9896649921319625 -0.018072155124185953 0.12080404718095784 -0.036073334508188226 -0.22948321382192285 0.0033296344074976217 0.6402331439117366 
72 2.5 1.0581967174042952 -0.018314241416435433 -0.16750719721333343 0.05230470509491869 -0.1769095388041019 0.002674112363478551 -0.49163869918530134 
73 2.5 1.1104490805880223 -0.01926534088043508 -0.06142005008110602 0.031079074335137957 -0.08873294101433347 0.0009275192500660049 -0.004660015315750109 
74 2.5 1.1210842922398934 -0.019733555696002655 -0.05623150290953026 0.02380044453720287 -0.10324900094064668 0.0008671837885989476 -2.358532491864716 
75 2.5 1.0626218533976417 -0.0185684870828719 -0.19146172293895386 0.05834689319649533 -0.09036664572075252 0.0008231914192623934 -0.6008890907771631 
76 2.5 1.1321636444302496 -0.019580623768664457 -0.2967220458011897 0.08555069164298057 -0.12781726012367634 0.0014888885646764452 -0.11359486579265543 
77 2.5 1.010843378026645 -0.01839367467666073 -0.022802037898574563 0.026262599595203717 -0.21866688302025736 0.0033019892260429014 0.047174118461917956 
78 2.5 1.11409985763513 -0.01976098206259362 -0.11770729562181612 0.04524499921007691 -0.12675411345319712 0.001660970932743059 0.3834747604953172 
79 2.5 1.0675554107940493 -0.018236728911216207 -0.23397266647704565 0.08296665024275529 -0.13040698326413408 0.001835615798619248 0.4609038089414673 
80 2.5 1.0653766174630088 -0.01829488523279049 0.09514427813970489 -0.05224259325094288 -0.14558293844503234 0.0017670503557646391 0.8088084574475551 
81 2.5 1.1403339971264286 -0.020764315894059943 -0.1643121002903602 0.035629922320125074 -0.1400273792993154 0.0025953727276470965 -0.11768537481894768 
82 2.5 1.0975749787656162 -0.019653124836046074 -0.13890942580397356 0.05527775208728741 -0.12230881170732395 0.0021121952112886752 -0.048094244639943946 
83 2.5 1.104960504706864 -0.01963274972164107 -0.26327551131521215 0.09481049347651349 -0.15768644163684523 0.0023270389972257673 -0.1280738290843439 
84 2.5 1.0955538754200183 -0.019085995019320318 -0.10842166440170979 0.03604040848552015 -0.10458973884104651 0.0013501505451179992 -0.47114595501703976 
85 2.5 1.054894472620447 -0.018641905232931584 -0.12279308836723962 0.02480882508399529 -0.07631905953199908 0.0009213015986029351 -2.6205254639429936 
86 2.5 1.060155323681531 -0.019800510746751838 -0.07217726198515197 0.036588671806705775 -0.08258148075996007 0.0008703716666127808 -0.2646753951703762 
87 2.5 1.077843937123749 -0.019090875866806044 -0.0033341635438142734 -0.0022000600929547587 -0.06798807104758477 -3.584118355963228e-05 -11.60788883111246 
88 2.5 1.1141669195576585 -0.01726777923710547 -0.2141861222006163 0.049581955036786085 -0.10996542217152014 0.0008237632282044494 -0.5185291410251475 
89 2.5 1.127499906960318 -0.01950118716328993 -0.31081642073145854 0.08582908826855407 -0.145068628710302 0.0018591214518223454 -0.803515327583964 
90 2.5 1.2029664855141127 -0.020564569510910242 -0.0699020695440446 0.056152561057212114 -0.08896037696912101 -8.222105385514503e-05 -9.40956084981253 
