0 9.0 3.7137974181340923
1 9.25 16.739402447584432
2 9.5 53.958250679037135
3 9.75 107.63359477523149
4 10.0 178.09808648945557
5 10.25 262.865077669607
6 10.5 360.9152500991855
7 10.75 467.0915860469383
8 11.0 588.2830286568824
9 11.25 718.9098788415175
10 11.5 849.454329050569
11 11.75 999.7286904507571
12 12.0 1146.7040009765933
13 12.25 1313.2041383098865
14 12.5 1495.4347361674875
15 12.75 1676.2746055482653
16 13.0 1877.9604480117202
17 13.25 2132.742088076416
18 13.5 2507.983947264016
19 13.75 2607.5136570329882
20 14.0 2882.8342539750392
21 14.25 3192.151249732961
22 14.5 3529.475997192293
