#y  z  moyenne(N) 
0.0 0 0
0.0 0.15 0.022
0.0 0.3 0.284
0.0 0.45 0.651
0.0 0.6 1.064
0.0 0.75 1.533
1.306 0 0
1.306 0.15 -0.05
1.306 0.3 0.076
1.306 0.45 0.523
1.306 0.6 0.977
1.306 0.75 1.424
2.612 0 0
2.612 0.15 -0.1
2.612 0.3 0.015
2.612 0.45 0.332
2.612 0.6 0.752
2.612 0.75 1.106
3.918 0 0
3.918 0.15 0.075
3.918 0.3 0.11
3.918 0.45 0.435
3.918 0.6 0.696
3.918 0.75 1.05
5.223 0 0
5.223 0.15 -0.053
5.223 0.3 -0.037
5.223 0.45 0.196
5.223 0.6 0.449
5.223 0.75 0.674
-1.306 0 0
-1.306 0.15 0.077
-1.306 0.3 0.198
-1.306 0.45 0.643
-1.306 0.6 1.093
-1.306 0.75 1.496
-2.612 0 0
-2.612 0.15 -0.015
-2.612 0.3 0.257
-2.612 0.45 0.621
-2.612 0.6 0.961
-2.612 0.75 1.291
-3.918 0 0
-3.918 0.15 -0.001
-3.918 0.3 0.253
-3.918 0.45 0.476
-3.918 0.6 0.696
-3.918 0.75 1.045
-5.223 0 0
-5.223 0.15 0.09
-5.223 0.3 0.164
-5.223 0.45 0.356
-5.223 0.6 0.531
-5.223 0.75 0.746
