0 8.5 16.337473677785567
1 8.7 15.89281899472031
2 8.9 15.917538987395861
3 9.1 18.819544053468398
4 9.3 14.233832819605087
5 9.5 29.03714102603219
6 9.7 59.98626667073555
7 9.9 103.44218268379758
8 10.1 155.475020599994
9 10.3 214.43983275856755
10 10.5 283.3155308694724
11 10.7 360.9692678609582
12 10.9 450.900296029541
13 11.1 548.6581011383391
14 11.3 642.025513473923
15 11.5 748.1792657246629
16 11.7 863.7342448194858
17 11.9 982.0929593798653
18 12.1 1102.5113681447801
19 12.3 1229.8754844813375
20 12.5 1378.3428449354544
21 12.7 1529.6752830591774
22 12.9 1682.3416852320927
23 13.1 1860.7333597827098
24 13.3 2044.458449049345
25 13.5 2243.9139988402994
26 13.7 2450.130619220555
27 13.9 2674.973296304208
28 14.1 2924.52711569567
29 14.3 3180.297860652481
30 14.5 3451.512802514722
