0 8.5 11.38309884945218
1 8.7 14.09131138035218
2 8.9 14.522232734153267
3 9.1 15.54948576311534
4 9.3 13.07840205084382
5 9.5 28.479873043000524
6 9.7 57.80327768791751
7 9.9 100.45350505081325
8 10.1 155.6941434980317
9 10.3 212.52540665913804
10 10.5 280.5493331705682
11 10.7 360.1681569872131
12 10.9 449.1695913571575
13 11.1 539.6539201025421
14 11.3 640.3265480513936
15 11.5 751.1435285500665
16 11.7 862.9798272652376
17 11.9 1005.245216223636
18 12.1 1100.8911404766995
19 12.3 1227.9735709707923
20 12.5 1364.9226355784765
21 12.7 1516.54988250374
22 12.9 1671.2631611072093
23 13.1 1888.9492477187398
24 13.3 2028.2177190466043
25 13.5 2391.567430646687
26 13.7 2440.5475020599965
27 13.9 2662.5537888729573
28 14.1 2904.4267097994875
29 14.3 3160.8755760368576
30 14.5 3423.4229560228277
