0 8.5 12.531205175939204
1 8.7 12.514725180822168
2 8.9 9.989318521683403
3 9.1 12.219000823999746
4 9.3 13.4156315805536
5 9.5 21.771904660176325
6 9.7 49.225745414593646
7 9.9 91.3708914456618
8 10.1 142.8937650685143
9 10.3 206.03076265755152
10 10.5 271.543626209296
11 10.7 382.1820734275343
12 10.9 439.4305246131772
13 11.1 535.6492812891008
14 11.3 636.4140751365699
15 11.5 746.3731803338736
16 11.7 852.1558275093845
17 11.9 968.717612231817
18 12.1 1087.086397900328
19 12.3 1227.915280617694
20 12.5 1362.47932370983
21 12.7 1516.245918149357
22 12.9 1679.8730430005796
23 13.1 1842.9358806115915
24 13.3 2026.1799981688905
25 13.5 2223.292947172461
26 13.7 2438.7582018494254
27 13.9 2644.085818048648
28 14.1 2890.757774590288
29 14.3 3147.7001251258853
30 14.5 3429.550767540515
