0 8.5 15.118869594409022
1 8.7 16.318247016815693
2 8.9 14.923245948667866
3 9.1 15.413068025757608
4 9.3 17.167577135532675
5 9.5 24.22956022827842
6 9.7 57.057405316324186
7 9.9 96.44062623981434
8 10.1 150.02899258400234
9 10.3 210.5743583483377
10 10.5 280.90823084200576
11 10.7 393.10037537766715
12 10.9 447.4040955839707
13 11.1 543.3713797418128
14 11.3 643.9011810663169
15 11.5 750.1434369945379
16 11.7 861.3290810876814
17 11.9 976.5590380565815
18 12.1 1094.437086092716
19 12.3 1230.3137302774123
20 12.5 1367.465742973113
21 12.7 1513.918881801811
22 12.9 1686.530655842769
23 13.1 1852.2284615619387
24 13.3 2038.795739616079
25 13.5 2233.8514358958723
26 13.7 2441.5503402813765
27 13.9 2659.054536576435
28 14.1 3075.2034058656564
29 14.3 3150.248420667136
30 14.5 3421.763359477525
