0 9.0 -0.1175572985015414
1 9.25 -0.5744193853572241
2 9.5 0.4857325968199522
3 9.75 3.1655629139072623
4 10.0 9.128574480422404
5 10.25 16.826868495742698
6 10.5 24.931363872188577
7 10.75 35.202917569506084
8 11.0 47.01828058717604
9 11.25 59.793389690847256
10 11.5 74.17694631794146
11 11.75 89.06888027588744
12 12.0 104.05066072573035
13 12.25 120.95126194036675
14 12.5 139.01736503189218
15 12.75 157.75127414776986
16 13.0 179.62376781518006
17 13.25 203.39689321573567
18 13.5 228.5472579119229
19 13.75 257.54698324533865
20 14.0 286.2630695516822
21 14.25 317.6306649983213
22 14.5 352.96945097201353
23 14.75 389.8073671681874
24 15.0 434.81826227606996
25 15.25 481.9829706717114
26 15.5 531.8984344004651
