0 9.0 0.24677266762292405
1 9.25 -0.028626361888477447
2 9.5 0.9711600085451817
3 9.75 4.09662160100102
4 10.0 9.889461958678012
5 10.25 16.803857539597825
6 10.5 25.431318094424398
7 10.75 35.83758049256893
8 11.0 47.35221411786256
9 11.25 60.16986602374323
10 11.5 74.13116855372748
11 11.75 89.27768791772209
12 12.0 104.19129001739577
13 12.25 121.50541703543178
14 12.5 139.64848780785573
15 12.75 159.21793267616766
16 13.0 180.24365977965667
17 13.25 204.8662984099863
18 13.5 231.08963286233015
19 13.75 259.4959562974949
20 14.0 288.8697775200654
21 14.25 319.7194128238778
22 14.5 354.28217413861404
23 14.75 393.53379924924576
24 15.0 434.0514542069763
25 15.25 480.37476729636404
26 15.5 530.9828791161851
