#y  z  moyenne(N) 
0.0 0 0
0.0 0.15 -0.169
0.0 0.3 0.096
0.0 0.45 0.375
0.0 0.6 0.604
0.0 0.75 0.863
1.319 0 0
1.319 0.15 0.025
1.319 0.3 0.205
1.319 0.45 0.377
1.319 0.6 0.655
1.319 0.75 0.895
2.638 0 0
2.638 0.15 0.008
2.638 0.3 0.178
2.638 0.45 0.402
2.638 0.6 0.609
2.638 0.75 0.815
3.957 0 0
3.957 0.15 -0.022
3.957 0.3 0.14
3.957 0.45 0.274
3.957 0.6 0.459
3.957 0.75 0.699
5.276 0 0
5.276 0.15 -0.027
5.276 0.3 0.029
5.276 0.45 0.152
5.276 0.6 0.292
5.276 0.75 0.389
-1.319 0 0
-1.319 0.15 0.023
-1.319 0.3 0.183
-1.319 0.45 0.366
-1.319 0.6 0.621
-1.319 0.75 0.867
-2.638 0 0
-2.638 0.15 0.022
-2.638 0.3 0.144
-2.638 0.45 0.343
-2.638 0.6 0.573
-2.638 0.75 0.859
-3.957 0 0
-3.957 0.15 0.057
-3.957 0.3 0.091
-3.957 0.45 0.25
-3.957 0.6 0.469
-3.957 0.75 0.651
-5.276 0 0
-5.276 0.15 -0.089
-5.276 0.3 0.0
-5.276 0.45 0.124
-5.276 0.6 0.293
-5.276 0.75 0.379
