11.861184917180166
11.792243767313018
11.63343744700096
11.363905534512972
11.058885465543556
10.730397422126744
10.373544293063484
10.02826615410707
9.679172084346202
9.30883599977387
8.957961162304256
8.596910509356096
8.235605461020972
7.895097235570127
7.523171179829271
7.188895641359036
6.832360506529481
6.48174006444683
6.135953134716489
5.76307309627452
5.415123805754988
5.05979704901351
4.734616145627225
4.386094465487025
4.058624003618067
3.7490248176833054
3.4286774266493296
3.085561648482107
2.7946605234891737
2.48353496523263
2.2057352026683246
1.9063118322121089
1.5880632031205832
1.2938549380971223
1.013638419356662
0.7991831081463054
0.6049522301995589
0.4086861891571032
0.21407371812991122
0.09539827011136863
0.03599694725535643
0.004960710045791169
