#anche n0  mm 
#pos_y pos_z rep offset(mV) moyenne(mV) moyenne(N) 
0 0 0 25.8388 196.8511 0.6
0 0 1 26.3558 192.0655 0.5814
0 0 2 24.4212 189.0884 0.5778
0 0 3 26.6411 189.4955 0.5714
0 0 4 25.7231 189.8709 0.576
0 0 5 23.74 186.1632 0.5699
0 0 6 23.4199 187.6394 0.5762
0 0 7 22.569 187.6424 0.5792
0 0 8 26.6362 192.5245 0.5821
0 0 9 25.3194 190.6165 0.58
0 0 10 25.9084 190.4718 0.5774
0 0 11 26.1736 195.3664 0.5937
0 0 12 24.6513 190.0055 0.5802
0 0 13 29.671 192.2071 0.5703
0 0 14 26.581 191.7392 0.5795
0 0 15 30.3177 194.2857 0.5753
0 0 16 24.514 192.3151 0.5888
0 0 17 23.3866 191.3764 0.5894
0 0 18 26.9839 197.0312 0.5967
0 0 19 29.7278 193.8984 0.576
0 1 0 30.8832 439.2236 1.4328
0 1 1 28.6822 436.8303 1.4321
0 1 2 27.9287 437.6324 1.4376
0 1 3 30.0546 435.006 1.4209
0 1 4 24.0278 435.6365 1.4442
0 1 5 28.7408 431.2586 1.4123
0 1 6 28.7487 437.3809 1.4338
0 1 7 29.3359 435.1561 1.4239
0 1 8 29.1305 431.2491 1.4109
0 1 9 30.7425 429.0457 1.3976
0 1 10 31.2519 435.2626 1.4176
0 1 11 30.2405 435.1637 1.4208
0 1 12 31.89 435.1503 1.4149
0 1 13 29.0826 433.9439 1.4206
0 1 14 30.8209 432.6865 1.4101
0 1 15 29.234 433.8112 1.4196
0 1 16 30.2518 429.7613 1.4018
0 1 17 30.7416 430.5585 1.4029
0 1 18 28.9288 430.835 1.4102
0 1 19 25.49 432.642 1.4286
0 2 0 25.3899 673.5115 2.2741
0 2 1 28.6999 666.8685 2.2392
0 2 2 25.2461 666.0463 2.2484
0 2 3 22.6682 664.1304 2.2507
0 2 4 28.46 667.7956 2.2433
0 2 5 31.3724 660.6906 2.2081
0 2 6 24.4765 665.9499 2.2508
0 2 7 30.1645 659.0094 2.2065
0 2 8 29.8483 663.267 2.2225
0 2 9 29.6805 665.5239 2.231
0 2 10 27.59 664.5891 2.2351
0 2 11 29.8444 662.1085 2.2185
0 2 12 29.2843 664.4377 2.2286
0 2 13 32.0658 660.8936 2.2064
0 2 14 34.2051 664.6162 2.212
0 2 15 25.5022 662.6621 2.2356
0 2 16 26.7086 662.1055 2.2295
0 2 17 26.1837 663.4571 2.236
0 2 18 30.7193 660.069 2.2082
0 2 19 31.2909 660.5069 2.2078
0 3 0 33.3671 902.3154 3.0489
0 3 1 32.0371 897.329 3.0361
0 3 2 29.985 899.2065 3.0499
0 3 3 27.5271 893.6699 3.0391
0 3 4 27.9464 894.0504 3.039
0 3 5 28.1533 893.8289 3.0375
0 3 6 29.436 897.5823 3.0461
0 3 7 32.0829 896.2835 3.0323
0 3 8 32.8547 892.6499 3.0168
0 3 9 32.5806 890.6079 3.0106
0 3 10 35.7738 891.8046 3.0036
0 3 11 33.0607 892.4451 3.0154
0 3 12 30.9354 887.2396 3.0046
0 3 13 34.7441 888.5342 2.9958
0 3 14 29.2846 886.8245 3.0089
0 3 15 27.7798 888.9319 3.0216
0 3 16 32.7119 891.847 3.0145
0 3 17 32.028 892.8425 3.0204
0 3 18 32.8925 892.4354 3.0159
0 3 19 31.4423 888.9834 3.0089
1 0 0 35.8577 157.4126 0.4265
1 0 1 29.3542 156.5102 0.4462
1 0 2 31.2516 158.7884 0.4475
1 0 3 31.5101 157.9064 0.4435
1 0 4 36.8273 155.7335 0.4172
1 0 5 29.3243 155.591 0.443
1 0 6 32.4073 160.7987 0.4505
1 0 7 32.3496 159.8602 0.4474
1 0 8 33.8044 157.9055 0.4354
1 0 9 31.6666 160.2219 0.4511
1 0 10 35.1219 156.1098 0.4245
1 0 11 29.1693 156.7205 0.4475
1 0 12 33.4361 157.7102 0.436
1 0 13 27.9666 151.9303 0.435
1 0 14 25.0938 157.8387 0.4658
1 0 15 26.5844 154.1966 0.4478
1 0 16 23.423 154.3532 0.4594
1 0 17 25.027 155.634 0.4583
1 0 18 25.8974 155.1579 0.4535
1 0 19 26.1269 154.4777 0.4504
1 1 0 32.4348 371.4289 1.1895
1 1 1 29.5251 369.5465 1.1931
1 1 2 28.8852 371.8491 1.2034
1 1 3 23.614 362.0002 1.1873
1 1 4 31.0556 365.8959 1.1749
1 1 5 27.0013 367.6934 1.1954
1 1 6 25.8974 369.7342 1.2064
1 1 7 28.4112 372.5062 1.2074
1 1 8 29.9475 364.926 1.1754
1 1 9 28.4649 368.0044 1.1914
1 1 10 27.9196 362.5019 1.174
1 1 11 27.7343 365.4955 1.1851
1 1 12 27.5918 369.9927 1.2014
1 1 13 26.0665 365.5165 1.1911
1 1 14 31.3791 369.7439 1.1872
1 1 15 29.0851 369.0692 1.1929
1 1 16 31.0044 371.6239 1.1952
1 1 17 28.8879 366.859 1.1859
1 1 18 32.5373 366.8377 1.173
1 1 19 31.9349 370.3681 1.1875
1 2 0 29.6789 585.1353 1.949
1 2 1 35.6014 581.3709 1.915
1 2 2 29.8853 579.5468 1.9286
1 2 3 29.7073 578.6779 1.9262
1 2 4 30.6479 577.9022 1.9202
1 2 5 25.8904 576.4357 1.9317
1 2 6 27.5604 573.4147 1.9153
1 2 7 34.4853 573.4907 1.8912
1 2 8 29.368 573.8774 1.9106
1 2 9 26.7855 571.1142 1.9099
1 2 10 28.005 573.8917 1.9154
1 2 11 27.6641 571.8351 1.9094
1 2 12 23.1516 569.0286 1.9154
1 2 13 27.2747 573.6372 1.9171
1 2 14 27.0772 571.558 1.9105
1 2 15 23.7526 571.8043 1.923
1 2 16 29.863 571.391 1.9001
1 2 17 24.9553 568.5183 1.9072
1 2 18 25.2657 568.6441 1.9066
1 2 19 23.2734 572.1619 1.9259
1 3 0 24.0022 785.6087 2.6723
1 3 1 29.4305 781.1759 2.6377
1 3 2 26.1312 781.3993 2.6501
1 3 3 30.1352 783.6171 2.6438
1 3 4 27.9464 775.5794 2.6233
1 3 5 24.7182 777.0629 2.6398
1 3 6 30.904 778.0239 2.6215
1 3 7 29.9048 774.4917 2.6126
1 3 8 30.4532 779.9908 2.63
1 3 9 29.7931 783.2194 2.6436
1 3 10 33.05 782.5193 2.6297
1 3 11 32.183 781.1408 2.6279
1 3 12 33.9857 786.3976 2.64
1 3 13 31.265 778.4548 2.6217
1 3 14 29.1171 778.2055 2.6284
1 3 15 31.727 773.4672 2.6026
1 3 16 32.4284 776.7504 2.6117
1 3 17 33.4846 779.2395 2.6167
1 3 18 33.0055 775.3966 2.6049
1 3 19 30.2634 778.7249 2.6262
2 0 0 30.1791 78.0703 0.168
2 0 1 35.8507 77.8903 0.1475
2 0 2 36.1394 80.9052 0.1571
2 0 3 26.7797 82.3569 0.195
2 0 4 28.3566 80.5771 0.1832
2 0 5 34.4264 82.562 0.1689
2 0 6 32.6417 81.1982 0.1704
2 0 7 30.7465 82.2123 0.1806
2 0 8 33.1269 82.5159 0.1733
2 0 9 23.7532 83.2441 0.2087
2 0 10 28.8241 82.3338 0.1878
2 0 11 27.3019 81.1496 0.1889
2 0 12 30.9803 81.9718 0.1789
2 0 13 26.3515 81.7383 0.1943
2 0 14 26.7913 78.7442 0.1823
2 0 15 27.4682 81.9095 0.191
2 0 16 32.4628 82.5016 0.1756
2 0 17 25.9444 79.8013 0.189
2 0 18 26.2099 79.8157 0.1881
2 0 19 31.4368 80.0229 0.1705
2 1 0 24.4374 207.4984 0.6423
2 1 1 29.1485 210.8203 0.6374
2 1 2 27.0324 208.6377 0.6372
2 1 3 23.6216 209.0179 0.6505
2 1 4 27.5604 209.3768 0.638
2 1 5 26.8459 207.7309 0.6347
2 1 6 28.9383 209.3561 0.633
2 1 7 33.3018 208.3288 0.6141
2 1 8 28.7481 211.9572 0.6428
2 1 9 26.422 204.4523 0.6247
2 1 10 30.3333 210.7938 0.6332
2 1 11 29.1321 210.8502 0.6376
2 1 12 26.4998 206.3051 0.6309
2 1 13 28.28 210.4346 0.6391
2 1 14 32.2669 208.0175 0.6167
2 1 15 28.3056 206.4101 0.6249
2 1 16 33.4993 212.5205 0.6281
2 1 17 31.1646 206.0567 0.6137
2 1 18 29.4461 210.983 0.637
2 1 19 29.7604 203.8963 0.611
2 2 0 29.541 341.6749 1.0952
2 2 1 33.9143 340.4199 1.0755
2 2 2 28.5031 340.0284 1.0931
2 2 3 24.8793 336.4458 1.0932
2 2 4 29.6741 337.04 1.0785
2 2 5 22.7952 334.6837 1.0943
2 2 6 28.5464 336.6817 1.0812
2 2 7 23.9421 338.8873 1.1051
2 2 8 23.6522 337.4496 1.101
2 2 9 24.2906 333.0808 1.0835
2 2 10 28.7509 334.6388 1.0733
2 2 11 27.6485 338.0731 1.0892
2 2 12 26.9735 337.6504 1.0901
2 2 13 31.9004 346.8142 1.105
2 2 14 29.5181 339.8801 1.089
2 2 15 27.3476 338.0435 1.0902
2 2 16 31.6904 336.5538 1.0697
2 2 17 28.7399 334.9196 1.0743
2 2 18 25.1088 332.9054 1.08
2 2 19 23.0357 334.5073 1.0929
2 3 0 27.9534 473.2762 1.5625
2 3 1 29.3204 473.7721 1.5595
2 3 2 30.1157 474.6724 1.5598
2 3 3 27.4722 470.6839 1.5551
2 3 4 30.9442 469.2166 1.5378
2 3 5 29.4443 469.9628 1.5457
2 3 6 31.4164 471.3828 1.5437
2 3 7 32.1934 471.301 1.5407
2 3 8 30.0009 469.9057 1.5435
2 3 9 30.4923 476.4324 1.5647
2 3 10 28.8311 472.848 1.558
2 3 11 29.8407 468.4909 1.5391
2 3 12 27.3666 465.0127 1.5356
2 3 13 30.5982 468.7085 1.5372
2 3 14 30.517 467.1685 1.5321
2 3 15 29.7513 470.4877 1.5464
2 3 16 28.7722 473.8383 1.5616
2 3 17 29.9149 469.3731 1.542
2 3 18 32.1647 473.1214 1.5472
2 3 19 29.3728 468.9666 1.5424
